((naive:0.00000,seq9:0.01681,(seq8:0.01961,seq7:0.00560):0.00280,
seq6:0.00280,seq5:0.01681,seq4:0.01120,seq3:0.00840):0.00280,
seq2:0.01681,seq1:0.01961)[0.2500];
(((naive:0.00000,seq9:0.01541):0.00140,(seq8:0.01961,seq7:0.00560):0.00280,
seq6:0.00280,seq5:0.01681,seq4:0.01120,seq3:0.00840):0.00280,
seq2:0.01681,seq1:0.01961)[0.2500];
(seq8:0.01681,(seq7:0.00560,(naive:0.00000,seq9:0.01681,seq6:0.00280,
seq5:0.01681,seq4:0.01120,seq3:0.00840,seq2:0.01961):0.00280):0.00280,
seq1:0.01961)[0.2500];
(seq8:0.01681,(seq7:0.00560,((naive:0.00000,seq9:0.01541):0.00140,
seq6:0.00280,seq5:0.01681,seq4:0.01120,seq3:0.00840,seq2:0.01961):0.00280):0.00280,
seq1:0.01961)[0.2500];
