(seq4:0.04843,((seq8:0.01330,(seq7:0.00570,(seq9:0.00000,seq5:0.00000):0.00285):0.01614):0.02374,
seq2:0.02754):0.00475,(seq6:0.02469,(seq3:0.01709,seq1:0.01994):0.00760):0.00475,
naive:0.00285)[0.2000];
(seq4:0.04843,seq2:0.03134,((seq8:0.01330,(seq7:0.00570,(seq9:0.00000,
seq5:0.00000):0.00285):0.01614):0.02469,(seq6:0.02279,(seq3:0.01709,
seq1:0.01994):0.00855):0.00285):0.00285,naive:0.00285)[0.2000];
(((seq8:0.01472,(seq7:0.00570,(seq9:0.00000,seq5:0.00000):0.00285):0.01472):0.02374,
seq2:0.02754):0.00475,(seq4:0.04843,(seq6:0.02469,(seq3:0.01709,
seq1:0.01994):0.00760):0.00475):0.00142,naive:0.00142)[0.2000];
(seq4:0.04843,(((seq8:0.01330,(seq7:0.00570,(seq9:0.00000,seq5:0.00000):0.00285):0.01614):0.02303,
seq2:0.02825):0.00475,(seq6:0.02422,(seq3:0.01709,seq1:0.01994):0.00783):0.00427):0.00071,
naive:0.00285)[0.2000];
(seq4:0.04843,(seq2:0.02991,((seq8:0.01330,(seq7:0.00570,(seq9:0.00000,
seq5:0.00000):0.00285):0.01614):0.02327,(seq6:0.02279,(seq3:0.01709,
seq1:0.01994):0.00855):0.00427):0.00285):0.00142,naive:0.00285)[0.2000];
