(seq19:0.00826,seq14:0.00000,seq13:0.00275,(seq18:0.00000,seq15:0.00000,
seq12:0.00000):0.00275,seq11:0.00000,(seq16:0.00551,seq10:0.00826):0.00275,
seq8:0.00000,seq7:0.00000,seq5:0.00000,seq4:0.00000,(seq3:0.00000,
seq2:0.00000):0.00275,(seq17:0.00000,seq6:0.00000,(seq9:0.00000,
seq1:0.00000):0.01102):0.00551,naive:0.00000);
