(seq12:0.00000,(naive:0.00000,(seq11:0.01111,seq10:0.00556):0.00278,
seq8:0.00278,(seq9:0.00833,seq7:0.00278):0.00833,seq6:0.00278):0.00278,
seq5:0.00278,seq4:0.00556,(seq13:0.01111,seq3:0.00278,seq2:0.00278):0.00278,
seq1:0.00833)[0.2000];
(seq12:0.00000,seq10:0.00556,(naive:0.00000,seq11:0.01389,seq8:0.00278,
(seq9:0.00833,seq7:0.00278):0.00833,seq6:0.00278):0.00278,seq5:0.00278,
seq4:0.00556,(seq13:0.01111,seq3:0.00278,seq2:0.00278):0.00278,
seq1:0.00833)[0.2000];
(seq12:0.00000,(seq11:0.01389,seq10:0.00278):0.00278,(naive:0.00000,
seq8:0.00278,(seq9:0.00833,seq7:0.00278):0.00833,seq6:0.00278):0.00278,
seq5:0.00278,seq4:0.00556,(seq13:0.01111,seq3:0.00278,seq2:0.00278):0.00278,
seq1:0.00833)[0.2000];
(seq12:0.00000,((seq11:0.01250,seq10:0.00417):0.00278,(naive:0.00000,
seq8:0.00278,(seq9:0.00833,seq7:0.00278):0.00833,seq6:0.00278):0.00139):0.00139,
seq5:0.00278,seq4:0.00556,(seq13:0.01111,seq3:0.00278,seq2:0.00278):0.00278,
seq1:0.00833)[0.2000];
(seq12:0.00000,(seq10:0.00417,(seq11:0.01250,(naive:0.00000,seq8:0.00278,
(seq9:0.00833,seq7:0.00278):0.00833,seq6:0.00278):0.00139):0.00278):0.00139,
seq5:0.00278,seq4:0.00556,(seq13:0.01111,seq3:0.00278,seq2:0.00278):0.00278,
seq1:0.00833)[0.2000];
