(seq13:0.00556,(seq5:0.01111,seq3:0.01111):0.00278,(naive:0.00278,
seq19:0.00000,(seq20:0.00278,seq15:0.00278):0.00278,seq14:0.01389,
seq12:0.00278,(seq18:0.00833,seq11:0.01944):0.00278,seq10:0.00556,
(seq17:0.01667,seq9:0.00833):0.00278,seq8:0.00556,seq4:0.00000,
(seq6:0.00833,(seq16:0.00833,seq7:0.00833,seq2:0.00000):0.00278):0.00278):0.00278,
seq1:0.01389)[0.1429];
(seq13:0.00556,seq5:0.01389,(naive:0.00278,seq19:0.00000,(seq20:0.00278,
seq15:0.00278):0.00278,seq14:0.01389,seq12:0.00278,(seq18:0.00833,
seq11:0.01944):0.00278,seq10:0.00556,seq9:0.01111,seq8:0.00556,
seq4:0.00000,(seq17:0.01667,seq3:0.00833):0.00278,(seq6:0.00833,
(seq16:0.00833,seq7:0.00833,seq2:0.00000):0.00278):0.00278):0.00278,
seq1:0.01389)[0.1429];
(seq13:0.00556,seq5:0.01389,(naive:0.00278,seq19:0.00000,(seq20:0.00278,
seq15:0.00278):0.00278,seq14:0.01389,seq12:0.00278,(seq18:0.00833,
seq11:0.01944):0.00278,seq10:0.00556,(seq17:0.01667,seq9:0.00833):0.00278,
seq8:0.00556,seq4:0.00000,seq3:0.01111,(seq6:0.00833,(seq16:0.00833,
seq7:0.00833,seq2:0.00000):0.00278):0.00278):0.00278,seq1:0.01389)[0.1429];
(seq13:0.00556,seq5:0.01389,(naive:0.00278,seq19:0.00000,(seq20:0.00278,
seq15:0.00278):0.00278,seq14:0.01389,seq12:0.00278,(seq18:0.00833,
seq11:0.01944):0.00278,seq10:0.00556,seq8:0.00556,seq4:0.00000,
(seq9:0.00972,(seq17:0.01528,seq3:0.00972):0.00278):0.00139,(seq6:0.00833,
(seq16:0.00833,seq7:0.00833,seq2:0.00000):0.00278):0.00278):0.00278,
seq1:0.01389)[0.1429];
(seq13:0.00556,seq5:0.01389,(naive:0.00278,seq19:0.00000,(seq20:0.00278,
seq15:0.00278):0.00278,seq14:0.01389,seq12:0.00278,(seq18:0.00833,
seq11:0.01944):0.00278,seq10:0.00556,seq8:0.00556,seq4:0.00000,
((seq17:0.01528,seq9:0.00972):0.00278,seq3:0.00972):0.00139,(seq6:0.00833,
(seq16:0.00833,seq7:0.00833,seq2:0.00000):0.00278):0.00278):0.00278,
seq1:0.01389)[0.1429];
(seq13:0.00556,(naive:0.00278,seq19:0.00000,(seq20:0.00278,seq15:0.00278):0.00278,
seq14:0.01389,seq12:0.00278,(seq18:0.00833,seq11:0.01944):0.00278,
seq10:0.00556,(seq17:0.01667,seq9:0.00833):0.00278,seq8:0.00556,
seq4:0.00000,(seq5:0.01389,seq3:0.00833):0.00278,(seq6:0.00833,
(seq16:0.00833,seq7:0.00833,seq2:0.00000):0.00278):0.00278):0.00278,
seq1:0.01389)[0.1429];
(seq13:0.00556,seq5:0.01389,(naive:0.00278,seq19:0.00000,(seq20:0.00278,
seq15:0.00278):0.00278,seq14:0.01389,seq12:0.00278,(seq18:0.00833,
seq11:0.01944):0.00278,seq10:0.00556,(seq17:0.01667,seq9:0.00833):0.00278,
seq8:0.00556,seq4:0.00000,(seq6:0.00833,seq3:0.01111,(seq16:0.00833,
seq7:0.00833,seq2:0.00000):0.00278):0.00278):0.00278,seq1:0.01389)[0.1429];
