(((seq10:0.00820,seq9:0.00273):0.01639,seq8:0.00820):0.00273,
seq5:0.02459,(naive:0.00000,seq6:0.00273,seq4:0.01366,(seq7:0.00820,
seq3:0.00546):0.00273):0.00546,seq2:0.01913,seq1:0.01366)[0.5000];
(naive:0.00000,((seq10:0.00820,seq9:0.00273):0.01639,seq8:0.00820):0.00273,
seq5:0.02459,(seq6:0.00273,seq4:0.01366,(seq7:0.00820,seq3:0.00546):0.00273):0.00546,
seq2:0.01913,seq1:0.01366)[0.5000];
