(seq21:0.00000,(seq20:0.00542,seq19:0.00542,seq18:0.00000,seq13:0.00271,
(seq22:0.00000,seq17:0.00542,seq16:0.00000,seq15:0.00271,seq12:0.00542,
seq11:0.00271,seq10:0.00000,seq9:0.00000,seq8:0.00271,seq7:0.01355,
seq6:0.00271,seq5:0.00000,(naive:0.00000,seq23:0.00542,seq4:0.00813):0.00271,
seq3:0.00542,(seq14:0.00542,seq2:0.00000):0.00542):0.00271):0.00271,
seq1:0.00000)[0.5000];
(seq21:0.00000,(seq20:0.00542,seq19:0.00542,seq18:0.00000,seq13:0.00271,
(naive:0.00000,seq22:0.00000,seq17:0.00542,seq16:0.00000,seq15:0.00271,
seq12:0.00542,seq11:0.00271,seq10:0.00000,seq9:0.00000,seq8:0.00271,
seq7:0.01355,seq6:0.00271,seq5:0.00000,(seq23:0.00542,seq4:0.00813):0.00271,
seq3:0.00542,(seq14:0.00542,seq2:0.00000):0.00542):0.00271):0.00271,
seq1:0.00000)[0.5000];
