(seq6:0.01067,seq3:0.02667,(naive:0.00000,(seq8:0.00000,(seq7:0.00000,
seq5:0.00000):0.00267):0.00800,seq4:0.00533,seq2:0.00267):0.00267,
seq1:0.02133)[0.5000];
(seq6:0.01067,(naive:0.00000,(seq8:0.00000,(seq7:0.00000,seq5:0.00000):0.00267):0.00800,
seq4:0.00533,seq3:0.02667,seq2:0.00267):0.00267,seq1:0.02133)[0.5000];
