(naive:0.00000,seq11:0.01111,seq8:0.01111,(seq10:0.00833,seq7:0.00556):0.00556,
seq5:0.00833,(seq9:0.01111,seq4:0.00833):0.00278,(seq6:0.00556,
seq3:0.01111):0.00278,seq2:0.01667,seq1:0.00278)[0.5000];
(naive:0.00000,seq11:0.01111,seq8:0.01111,((seq10:0.00694,seq7:0.00694):0.00556,
seq5:0.00694):0.00139,(seq9:0.01111,seq4:0.00833):0.00278,(seq6:0.00556,
seq3:0.01111):0.00278,seq2:0.01667,seq1:0.00278)[0.5000];
