(seq8:0.00560,(naive:0.00280,(seq9:0.00000,seq6:0.00840,seq5:0.00840,
seq4:0.00560):0.00560,(seq7:0.00000,seq3:0.00000,seq2:0.00560):0.00560):0.00840,
seq1:0.00000);
