(seq10:0.00000,seq7:0.00282,(naive:0.00000,seq9:0.01412,seq5:0.00282,
seq4:0.00565,seq3:0.00000,(seq6:0.01695,(seq8:0.00000,seq2:0.00282):0.00282):0.00282):0.00282,
seq1:0.00847);
