(seq7:0.00732,seq4:0.00586,(seq5:0.00293,(seq2:0.00146,(seq8:0.00000,
seq6:0.11859,seq3:0.00000,seq1:0.00000):0.00146):0.00586):0.00146,
naive:0.00439);
