((seq13:0.00556,seq7:0.00278):0.00556,(seq22:0.01944,(seq20:0.00833,
seq14:0.00000,seq8:0.00000,seq5:0.00556,((seq21:0.00000,(seq19:0.00000,
seq18:0.00000):0.01389):0.00278,seq12:0.00556,seq6:0.00000,(seq16:0.00000,
seq4:0.00000):0.00278):0.00278,seq3:0.00000):0.00278,(seq17:0.00000,
seq10:0.00556,(seq15:0.00000,seq2:0.00556):0.00278):0.00556):0.00278,
(seq11:0.01389,seq9:0.00000,seq1:0.00833):0.00278,naive:0.00000)[0.0370];
((seq13:0.00556,seq7:0.00278):0.00556,(seq22:0.01944,(seq20:0.00833,
seq14:0.00000,seq12:0.00556,seq8:0.00000,seq5:0.00556,((seq21:0.00000,
(seq19:0.00000,seq18:0.00000):0.01389):0.00278,seq6:0.00000,(seq16:0.00000,
seq4:0.00000):0.00278):0.00278,seq3:0.00000):0.00278,(seq17:0.00000,
seq10:0.00556,(seq15:0.00000,seq2:0.00556):0.00278):0.00556):0.00278,
(seq11:0.01389,seq9:0.00000,seq1:0.00833):0.00278,naive:0.00000)[0.0370];
((seq13:0.00556,seq7:0.00278):0.00556,(seq22:0.01944,(seq20:0.00833,
seq14:0.00000,seq8:0.00000,seq5:0.00556,(seq12:0.00463,((seq21:0.00000,
(seq19:0.00000,seq18:0.00000):0.01389):0.00278,seq6:0.00000,(seq16:0.00000,
seq4:0.00000):0.00278):0.00185):0.00185,seq3:0.00000):0.00278,
(seq17:0.00000,seq10:0.00556,(seq15:0.00000,seq2:0.00556):0.00278):0.00556):0.00278,
(seq11:0.01389,seq9:0.00000,seq1:0.00833):0.00278,naive:0.00000)[0.0370];
((seq11:0.01250,(seq13:0.00417,seq7:0.00417):0.00278):0.00417,
(seq22:0.01944,(seq20:0.00833,seq14:0.00000,seq8:0.00000,seq5:0.00556,
((seq21:0.00000,(seq19:0.00000,seq18:0.00000):0.01389):0.00278,
seq12:0.00556,seq6:0.00000,(seq16:0.00000,seq4:0.00000):0.00278):0.00278,
seq3:0.00000):0.00278,(seq17:0.00000,seq10:0.00556,(seq15:0.00000,
seq2:0.00556):0.00278):0.00556):0.00278,(seq9:0.00000,seq1:0.00833):0.00278,
naive:0.00000)[0.0370];
(((seq13:0.00417,seq11:0.01250):0.00278,seq7:0.00417):0.00417,
(seq22:0.01944,(seq20:0.00833,seq14:0.00000,seq8:0.00000,seq5:0.00556,
((seq21:0.00000,(seq19:0.00000,seq18:0.00000):0.01389):0.00278,
seq12:0.00556,seq6:0.00000,(seq16:0.00000,seq4:0.00000):0.00278):0.00278,
seq3:0.00000):0.00278,(seq17:0.00000,seq10:0.00556,(seq15:0.00000,
seq2:0.00556):0.00278):0.00556):0.00278,(seq9:0.00000,seq1:0.00833):0.00278,
naive:0.00000)[0.0370];
((seq11:0.01250,(seq13:0.00417,seq7:0.00417):0.00278):0.00417,
(seq22:0.01944,(seq20:0.00833,seq14:0.00000,seq12:0.00556,seq8:0.00000,
seq5:0.00556,((seq21:0.00000,(seq19:0.00000,seq18:0.00000):0.01389):0.00278,
seq6:0.00000,(seq16:0.00000,seq4:0.00000):0.00278):0.00278,seq3:0.00000):0.00278,
(seq17:0.00000,seq10:0.00556,(seq15:0.00000,seq2:0.00556):0.00278):0.00556):0.00278,
(seq9:0.00000,seq1:0.00833):0.00278,naive:0.00000)[0.0370];
(((seq13:0.00417,seq11:0.01250):0.00278,seq7:0.00417):0.00417,
(seq22:0.01944,(seq20:0.00833,seq14:0.00000,seq12:0.00556,seq8:0.00000,
seq5:0.00556,((seq21:0.00000,(seq19:0.00000,seq18:0.00000):0.01389):0.00278,
seq6:0.00000,(seq16:0.00000,seq4:0.00000):0.00278):0.00278,seq3:0.00000):0.00278,
(seq17:0.00000,seq10:0.00556,(seq15:0.00000,seq2:0.00556):0.00278):0.00556):0.00278,
(seq9:0.00000,seq1:0.00833):0.00278,naive:0.00000)[0.0370];
((seq11:0.01250,(seq13:0.00417,seq7:0.00417):0.00278):0.00417,
(seq22:0.01944,(seq20:0.00833,seq14:0.00000,seq8:0.00000,seq5:0.00556,
(seq12:0.00463,((seq21:0.00000,(seq19:0.00000,seq18:0.00000):0.01389):0.00278,
seq6:0.00000,(seq16:0.00000,seq4:0.00000):0.00278):0.00185):0.00185,
seq3:0.00000):0.00278,(seq17:0.00000,seq10:0.00556,(seq15:0.00000,
seq2:0.00556):0.00278):0.00556):0.00278,(seq9:0.00000,seq1:0.00833):0.00278,
naive:0.00000)[0.0370];
(((seq13:0.00417,seq11:0.01250):0.00278,seq7:0.00417):0.00417,
(seq22:0.01944,(seq20:0.00833,seq14:0.00000,seq8:0.00000,seq5:0.00556,
(seq12:0.00463,((seq21:0.00000,(seq19:0.00000,seq18:0.00000):0.01389):0.00278,
seq6:0.00000,(seq16:0.00000,seq4:0.00000):0.00278):0.00185):0.00185,
seq3:0.00000):0.00278,(seq17:0.00000,seq10:0.00556,(seq15:0.00000,
seq2:0.00556):0.00278):0.00556):0.00278,(seq9:0.00000,seq1:0.00833):0.00278,
naive:0.00000)[0.0370];
((seq22:0.01944,(seq20:0.00833,seq14:0.00000,seq8:0.00000,seq5:0.00556,
((seq21:0.00000,(seq19:0.00000,seq18:0.00000):0.01389):0.00278,
seq12:0.00556,seq6:0.00000,(seq16:0.00000,seq4:0.00000):0.00278):0.00278,
seq3:0.00000):0.00278,(seq17:0.00000,seq10:0.00556,(seq15:0.00000,
seq2:0.00556):0.00278):0.00556):0.00278,(seq9:0.00000,(seq11:0.00972,
(seq13:0.00417,seq7:0.00417):0.00556):0.00417,seq1:0.00833):0.00278,
naive:0.00000)[0.0370];
((seq22:0.01944,(seq20:0.00833,seq14:0.00000,seq12:0.00556,seq8:0.00000,
seq5:0.00556,((seq21:0.00000,(seq19:0.00000,seq18:0.00000):0.01389):0.00278,
seq6:0.00000,(seq16:0.00000,seq4:0.00000):0.00278):0.00278,seq3:0.00000):0.00278,
(seq17:0.00000,seq10:0.00556,(seq15:0.00000,seq2:0.00556):0.00278):0.00556):0.00278,
(seq9:0.00000,(seq11:0.00972,(seq13:0.00417,seq7:0.00417):0.00556):0.00417,
seq1:0.00833):0.00278,naive:0.00000)[0.0370];
((seq22:0.01944,(seq20:0.00833,seq14:0.00000,seq8:0.00000,seq5:0.00556,
((seq21:0.00000,(seq19:0.00000,seq18:0.00000):0.01389):0.00278,
seq12:0.00556,seq6:0.00000,(seq16:0.00000,seq4:0.00000):0.00278):0.00278,
seq3:0.00000):0.00278,(seq17:0.00000,seq10:0.00556,(seq15:0.00000,
seq2:0.00556):0.00278):0.00556):0.00278,((seq11:0.01111,(seq13:0.00417,
seq7:0.00417):0.00417):0.00417,(seq9:0.00000,seq1:0.00833):0.00139):0.00139,
naive:0.00000)[0.0370];
((seq22:0.01944,(seq20:0.00833,seq14:0.00000,seq12:0.00556,seq8:0.00000,
seq5:0.00556,((seq21:0.00000,(seq19:0.00000,seq18:0.00000):0.01389):0.00278,
seq6:0.00000,(seq16:0.00000,seq4:0.00000):0.00278):0.00278,seq3:0.00000):0.00278,
(seq17:0.00000,seq10:0.00556,(seq15:0.00000,seq2:0.00556):0.00278):0.00556):0.00278,
((seq11:0.01111,(seq13:0.00417,seq7:0.00417):0.00417):0.00417,
(seq9:0.00000,seq1:0.00833):0.00139):0.00139,naive:0.00000)[0.0370];
((seq13:0.00556,seq7:0.00278):0.00556,(seq22:0.01944,(seq20:0.00833,
seq14:0.00000,seq8:0.00000,(seq12:0.00556,seq6:0.00000,(seq21:0.00000,
(seq19:0.00000,seq18:0.00000):0.01389,seq5:0.00556):0.00278,(seq16:0.00000,
seq4:0.00000):0.00278):0.00278,seq3:0.00000):0.00278,(seq17:0.00000,
seq10:0.00556,(seq15:0.00000,seq2:0.00556):0.00278):0.00556):0.00278,
(seq11:0.01389,seq9:0.00000,seq1:0.00833):0.00278,naive:0.00000)[0.0370];
((seq13:0.00556,seq7:0.00278):0.00556,(seq22:0.01944,(seq20:0.00833,
seq14:0.00000,seq12:0.00556,seq8:0.00000,(seq6:0.00000,(seq21:0.00000,
(seq19:0.00000,seq18:0.00000):0.01389,seq5:0.00556):0.00278,(seq16:0.00000,
seq4:0.00000):0.00278):0.00278,seq3:0.00000):0.00278,(seq17:0.00000,
seq10:0.00556,(seq15:0.00000,seq2:0.00556):0.00278):0.00556):0.00278,
(seq11:0.01389,seq9:0.00000,seq1:0.00833):0.00278,naive:0.00000)[0.0370];
((seq13:0.00556,seq7:0.00278):0.00556,(seq22:0.01944,(seq20:0.00833,
seq14:0.00000,seq8:0.00000,(seq12:0.00463,(seq6:0.00000,(seq21:0.00000,
(seq19:0.00000,seq18:0.00000):0.01389,seq5:0.00556):0.00278,(seq16:0.00000,
seq4:0.00000):0.00278):0.00185):0.00185,seq3:0.00000):0.00278,
(seq17:0.00000,seq10:0.00556,(seq15:0.00000,seq2:0.00556):0.00278):0.00556):0.00278,
(seq11:0.01389,seq9:0.00000,seq1:0.00833):0.00278,naive:0.00000)[0.0370];
((seq11:0.01250,(seq13:0.00417,seq7:0.00417):0.00278):0.00417,
(seq22:0.01944,(seq20:0.00833,seq14:0.00000,seq8:0.00000,(seq12:0.00556,
seq6:0.00000,(seq21:0.00000,(seq19:0.00000,seq18:0.00000):0.01389,
seq5:0.00556):0.00278,(seq16:0.00000,seq4:0.00000):0.00278):0.00278,
seq3:0.00000):0.00278,(seq17:0.00000,seq10:0.00556,(seq15:0.00000,
seq2:0.00556):0.00278):0.00556):0.00278,(seq9:0.00000,seq1:0.00833):0.00278,
naive:0.00000)[0.0370];
(((seq13:0.00417,seq11:0.01250):0.00278,seq7:0.00417):0.00417,
(seq22:0.01944,(seq20:0.00833,seq14:0.00000,seq8:0.00000,(seq12:0.00556,
seq6:0.00000,(seq21:0.00000,(seq19:0.00000,seq18:0.00000):0.01389,
seq5:0.00556):0.00278,(seq16:0.00000,seq4:0.00000):0.00278):0.00278,
seq3:0.00000):0.00278,(seq17:0.00000,seq10:0.00556,(seq15:0.00000,
seq2:0.00556):0.00278):0.00556):0.00278,(seq9:0.00000,seq1:0.00833):0.00278,
naive:0.00000)[0.0370];
((seq11:0.01250,(seq13:0.00417,seq7:0.00417):0.00278):0.00417,
(seq22:0.01944,(seq20:0.00833,seq14:0.00000,seq12:0.00556,seq8:0.00000,
(seq6:0.00000,(seq21:0.00000,(seq19:0.00000,seq18:0.00000):0.01389,
seq5:0.00556):0.00278,(seq16:0.00000,seq4:0.00000):0.00278):0.00278,
seq3:0.00000):0.00278,(seq17:0.00000,seq10:0.00556,(seq15:0.00000,
seq2:0.00556):0.00278):0.00556):0.00278,(seq9:0.00000,seq1:0.00833):0.00278,
naive:0.00000)[0.0370];
(((seq13:0.00417,seq11:0.01250):0.00278,seq7:0.00417):0.00417,
(seq22:0.01944,(seq20:0.00833,seq14:0.00000,seq12:0.00556,seq8:0.00000,
(seq6:0.00000,(seq21:0.00000,(seq19:0.00000,seq18:0.00000):0.01389,
seq5:0.00556):0.00278,(seq16:0.00000,seq4:0.00000):0.00278):0.00278,
seq3:0.00000):0.00278,(seq17:0.00000,seq10:0.00556,(seq15:0.00000,
seq2:0.00556):0.00278):0.00556):0.00278,(seq9:0.00000,seq1:0.00833):0.00278,
naive:0.00000)[0.0370];
((seq11:0.01250,(seq13:0.00417,seq7:0.00417):0.00278):0.00417,
(seq22:0.01944,(seq20:0.00833,seq14:0.00000,seq8:0.00000,(seq12:0.00463,
(seq6:0.00000,(seq21:0.00000,(seq19:0.00000,seq18:0.00000):0.01389,
seq5:0.00556):0.00278,(seq16:0.00000,seq4:0.00000):0.00278):0.00185):0.00185,
seq3:0.00000):0.00278,(seq17:0.00000,seq10:0.00556,(seq15:0.00000,
seq2:0.00556):0.00278):0.00556):0.00278,(seq9:0.00000,seq1:0.00833):0.00278,
naive:0.00000)[0.0370];
(((seq13:0.00417,seq11:0.01250):0.00278,seq7:0.00417):0.00417,
(seq22:0.01944,(seq20:0.00833,seq14:0.00000,seq8:0.00000,(seq12:0.00463,
(seq6:0.00000,(seq21:0.00000,(seq19:0.00000,seq18:0.00000):0.01389,
seq5:0.00556):0.00278,(seq16:0.00000,seq4:0.00000):0.00278):0.00185):0.00185,
seq3:0.00000):0.00278,(seq17:0.00000,seq10:0.00556,(seq15:0.00000,
seq2:0.00556):0.00278):0.00556):0.00278,(seq9:0.00000,seq1:0.00833):0.00278,
naive:0.00000)[0.0370];
((seq22:0.01944,(seq20:0.00833,seq14:0.00000,seq8:0.00000,(seq12:0.00556,
seq6:0.00000,(seq21:0.00000,(seq19:0.00000,seq18:0.00000):0.01389,
seq5:0.00556):0.00278,(seq16:0.00000,seq4:0.00000):0.00278):0.00278,
seq3:0.00000):0.00278,(seq17:0.00000,seq10:0.00556,(seq15:0.00000,
seq2:0.00556):0.00278):0.00556):0.00278,(seq9:0.00000,(seq11:0.00972,
(seq13:0.00417,seq7:0.00417):0.00556):0.00417,seq1:0.00833):0.00278,
naive:0.00000)[0.0370];
((seq22:0.01944,(seq20:0.00833,seq14:0.00000,seq12:0.00556,seq8:0.00000,
(seq6:0.00000,(seq21:0.00000,(seq19:0.00000,seq18:0.00000):0.01389,
seq5:0.00556):0.00278,(seq16:0.00000,seq4:0.00000):0.00278):0.00278,
seq3:0.00000):0.00278,(seq17:0.00000,seq10:0.00556,(seq15:0.00000,
seq2:0.00556):0.00278):0.00556):0.00278,(seq9:0.00000,(seq11:0.00972,
(seq13:0.00417,seq7:0.00417):0.00556):0.00417,seq1:0.00833):0.00278,
naive:0.00000)[0.0370];
((seq22:0.01944,(seq20:0.00833,seq14:0.00000,seq8:0.00000,(seq12:0.00556,
seq6:0.00000,(seq21:0.00000,(seq19:0.00000,seq18:0.00000):0.01389,
seq5:0.00556):0.00278,(seq16:0.00000,seq4:0.00000):0.00278):0.00278,
seq3:0.00000):0.00278,(seq17:0.00000,seq10:0.00556,(seq15:0.00000,
seq2:0.00556):0.00278):0.00556):0.00278,((seq11:0.01111,(seq13:0.00417,
seq7:0.00417):0.00417):0.00417,(seq9:0.00000,seq1:0.00833):0.00139):0.00139,
naive:0.00000)[0.0370];
((seq22:0.01944,(seq20:0.00833,seq14:0.00000,seq12:0.00556,seq8:0.00000,
(seq6:0.00000,(seq21:0.00000,(seq19:0.00000,seq18:0.00000):0.01389,
seq5:0.00556):0.00278,(seq16:0.00000,seq4:0.00000):0.00278):0.00278,
seq3:0.00000):0.00278,(seq17:0.00000,seq10:0.00556,(seq15:0.00000,
seq2:0.00556):0.00278):0.00556):0.00278,((seq11:0.01111,(seq13:0.00417,
seq7:0.00417):0.00417):0.00417,(seq9:0.00000,seq1:0.00833):0.00139):0.00139,
naive:0.00000)[0.0370];
((seq22:0.01944,(seq20:0.00833,seq14:0.00000,seq8:0.00000,(seq12:0.00556,
seq6:0.00000,(seq21:0.00000,(seq19:0.00000,seq18:0.00000):0.01389,
seq5:0.00556):0.00278,(seq16:0.00000,seq4:0.00000):0.00278):0.00278,
seq3:0.00000):0.00278,(seq17:0.00000,seq10:0.00556,(seq15:0.00000,
seq2:0.00556):0.00278):0.00556):0.00278,((seq13:0.00556,seq7:0.00278):0.00417,
(seq11:0.01250,(seq9:0.00000,seq1:0.00833):0.00139):0.00278):0.00139,
naive:0.00000)[0.0370];
