(seq4:0.00000,(seq25:0.00282,seq23:0.00282,seq21:0.00565,seq20:0.00847,
seq19:0.00565,seq18:0.01130,((naive:0.00000,seq24:0.00565):0.00282,
seq22:0.00282,seq17:0.00000):0.00282,seq15:0.00000,seq14:0.00000,
seq13:0.00282,seq12:0.00847,seq11:0.00282,seq10:0.01130,seq8:0.00282,
(seq16:0.01130,seq9:0.00565,seq7:0.00282):0.00282,seq6:0.00847,
seq5:0.00282,seq3:0.00000,seq2:0.00000):0.00282,seq1:0.00282)[0.5000];
(seq20:0.00847,seq4:0.00000,(seq25:0.00282,seq23:0.00282,seq21:0.00565,
seq19:0.00565,seq18:0.01130,((naive:0.00000,seq24:0.00565):0.00282,
seq22:0.00282,seq17:0.00000):0.00282,seq15:0.00000,seq14:0.00000,
seq13:0.00282,seq12:0.00847,seq11:0.00282,seq10:0.01130,seq8:0.00282,
(seq16:0.01130,seq9:0.00565,seq7:0.00282):0.00282,seq6:0.00847,
seq5:0.00282,seq3:0.00000,seq2:0.00000):0.00282,seq1:0.00282)[0.5000];
