(seq11:0.00269,seq9:0.00000,(seq10:0.00538,seq8:0.00269,seq5:0.00269):0.00269,
seq4:0.00000,seq3:0.00538,(seq12:0.00000,seq7:0.00269,seq6:0.00000,
seq2:0.00269):0.00269,seq1:0.00269,naive:0.00000);
