(seq7:0.01120,(naive:0.00280,((seq9:0.01120,seq8:0.00560,seq5:0.01120):0.00280,
seq4:0.00000,(seq6:0.00280,seq3:0.00000,seq2:0.00280):0.00560):0.00840):0.00280,
seq1:0.00840)[0.2000];
(seq7:0.01120,(naive:0.00280,((seq9:0.01120,seq8:0.00560,seq5:0.01120):0.00280,
seq4:0.00000,(seq3:0.00000,(seq6:0.00187,seq2:0.00187):0.00187):0.00560):0.00840):0.00280,
seq1:0.00840)[0.2000];
(seq7:0.01261,(naive:0.00280,(((seq9:0.01120,seq8:0.00560,seq5:0.01120):0.00280,
seq4:0.00000):0.00140,(seq6:0.00280,seq3:0.00000,seq2:0.00280):0.00420):0.00840):0.00280,
seq1:0.00700)[0.2000];
(seq7:0.01120,(naive:0.00280,(seq4:0.00000,(seq9:0.01120,seq8:0.00560,
seq5:0.01120,(seq6:0.00280,seq3:0.00000,seq2:0.00280):0.00560):0.00280):0.00840):0.00280,
seq1:0.00840)[0.2000];
(seq7:0.01120,(naive:0.00280,(seq4:0.00000,((seq9:0.01120,seq8:0.00560,
seq5:0.01120):0.00187,(seq6:0.00280,seq3:0.00000,seq2:0.00280):0.00467):0.00187):0.00840):0.00280,
seq1:0.00840)[0.2000];
