(seq4:0.00278,(seq6:0.43611,(seq11:0.00000,(seq8:0.00278,seq5:0.00556):0.01111):0.00556,
seq3:0.00278,(naive:0.00000,(seq10:0.01111,seq9:0.01111,seq7:0.00556,
seq2:0.01111):0.00278):0.00278):0.00278,seq1:0.00556)[0.2500];
(seq4:0.00278,((seq11:0.00000,(seq8:0.00278,seq5:0.00556):0.01111):0.00556,
seq3:0.00278,(naive:0.00000,seq6:0.43611,(seq10:0.01111,seq9:0.01111,
seq7:0.00556,seq2:0.01111):0.00278):0.00278):0.00278,seq1:0.00556)[0.2500];
(seq4:0.00278,(seq6:0.43611,((seq11:0.00139,(seq8:0.00278,seq5:0.00556):0.00972):0.00556,
seq3:0.00139):0.00139,(naive:0.00000,(seq10:0.01111,seq9:0.01111,
seq7:0.00556,seq2:0.01111):0.00278):0.00278):0.00278,seq1:0.00556)[0.2500];
(seq4:0.00278,(((seq11:0.00139,(seq8:0.00278,seq5:0.00556):0.00972):0.00556,
seq3:0.00139):0.00139,(naive:0.00000,seq6:0.43611,(seq10:0.01111,
seq9:0.01111,seq7:0.00556,seq2:0.01111):0.00278):0.00278):0.00278,
seq1:0.00556)[0.2500];
