(seq9:0.00833,(seq5:0.01852,(seq4:0.02778,((naive:0.00000,seq8:0.01944):0.00278,
seq6:0.02500,(seq7:0.01667,seq3:0.01667):0.00556):0.00278):0.00463):0.00741,
seq2:0.00000,seq1:0.00000);
