(seq11:0.00000,seq10:0.00278,seq6:0.00000,seq5:0.00000,(seq12:0.00000,
seq9:0.00000,seq8:0.00000,seq7:0.00000,seq4:0.00000,seq3:0.00000):0.00278,
seq2:0.00000,seq1:0.00000,naive:0.00000);
