(seq30:0.00000,seq24:0.00000,seq22:0.00273,seq13:0.00273,(seq29:0.00820,
(seq27:0.01093,seq23:0.01366,seq18:0.00000,seq16:0.00000,(seq17:0.00273,
seq15:0.00000):0.00273,seq12:0.01366,seq11:0.00000,(seq25:0.00000,
seq9:0.00000):0.00273,seq8:0.00000,(seq26:0.00546,seq5:0.00273):0.00273,
seq4:0.00273,(naive:0.00000,(seq28:0.01093,seq14:0.00546):0.00273,
seq6:0.00820,seq3:0.00000,(seq20:0.00820,(seq21:0.00273,seq19:0.00546,
seq10:0.00546,seq7:0.00273,seq2:0.01366):0.00546):0.00546):0.00820):0.00273):0.00546,
seq1:0.01093)[0.2500];
(seq30:0.00000,seq24:0.00000,seq22:0.00273,seq13:0.00273,(seq29:0.00820,
(seq27:0.01093,seq23:0.01366,seq18:0.00000,seq16:0.00000,(seq17:0.00273,
seq15:0.00000):0.00273,seq12:0.01366,seq11:0.00000,(seq25:0.00000,
seq9:0.00000):0.00273,seq8:0.00000,(seq26:0.00546,seq5:0.00273):0.00273,
seq4:0.00273,(naive:0.00000,seq28:0.01366,(seq14:0.00546,seq6:0.00546):0.00273,
seq3:0.00000,(seq20:0.00820,(seq21:0.00273,seq19:0.00546,seq10:0.00546,
seq7:0.00273,seq2:0.01366):0.00546):0.00546):0.00820):0.00273):0.00546,
seq1:0.01093)[0.2500];
(seq30:0.00000,seq24:0.00000,seq22:0.00273,seq13:0.00273,(seq29:0.00820,
(seq27:0.01093,seq23:0.01366,seq18:0.00000,seq16:0.00000,(seq17:0.00273,
seq15:0.00000):0.00273,seq12:0.01366,seq11:0.00000,(seq25:0.00000,
seq9:0.00000):0.00273,seq8:0.00000,(seq26:0.00546,seq5:0.00273):0.00273,
seq4:0.00273,(naive:0.00000,((seq28:0.01230,seq14:0.00410):0.00273,
seq6:0.00683):0.00137,seq3:0.00000,(seq20:0.00820,(seq21:0.00273,
seq19:0.00546,seq10:0.00546,seq7:0.00273,seq2:0.01366):0.00546):0.00546):0.00820):0.00273):0.00546,
seq1:0.01093)[0.2500];
(seq30:0.00000,seq24:0.00000,seq22:0.00273,seq13:0.00273,(seq29:0.00820,
(seq27:0.01093,seq23:0.01366,seq18:0.00000,seq16:0.00000,(seq17:0.00273,
seq15:0.00000):0.00273,seq12:0.01366,seq11:0.00000,(seq25:0.00000,
seq9:0.00000):0.00273,seq8:0.00000,(seq26:0.00546,seq5:0.00273):0.00273,
seq4:0.00273,(naive:0.00000,(seq28:0.01230,(seq14:0.00410,seq6:0.00683):0.00273):0.00137,
seq3:0.00000,(seq20:0.00820,(seq21:0.00273,seq19:0.00546,seq10:0.00546,
seq7:0.00273,seq2:0.01366):0.00546):0.00546):0.00820):0.00273):0.00546,
seq1:0.01093)[0.2500];
