(naive:0.00280,seq16:0.01401,(seq20:0.00280,seq15:0.00000):0.00280,
((seq18:0.00560,seq17:0.00840):0.00840,seq9:0.01120):0.00280,
(seq22:0.00560,seq21:0.00280,seq8:0.01401):0.00280,(seq19:0.00840,
seq13:0.00280,seq12:0.01961,seq11:0.00560,seq6:0.01120):0.00280,
seq5:0.00560,seq4:0.00840,seq3:0.00560,(seq24:0.00280,(seq23:0.00560,
seq14:0.00560,seq10:0.00000,seq7:0.00560,seq2:0.00000):0.00560):0.00280,
seq1:0.00840)[0.1250];
(naive:0.00280,seq24:0.00560,(seq20:0.00280,seq15:0.00000):0.00280,
((seq18:0.00560,seq17:0.00840):0.00840,seq9:0.01120):0.00280,
(seq22:0.00560,seq21:0.00280,seq8:0.01401):0.00280,(seq19:0.00840,
seq13:0.00280,seq12:0.01961,seq11:0.00560,seq6:0.01120):0.00280,
seq5:0.00560,seq4:0.00840,seq3:0.00560,(seq16:0.01120,(seq23:0.00560,
seq14:0.00560,seq10:0.00000,seq7:0.00560,seq2:0.00000):0.00560):0.00280,
seq1:0.00840)[0.1250];
(naive:0.00280,(seq20:0.00280,seq15:0.00000):0.00280,((seq18:0.00560,
seq17:0.00840):0.00840,seq9:0.01120):0.00280,(seq22:0.00560,seq21:0.00280,
seq8:0.01401):0.00280,(seq19:0.00840,seq13:0.00280,seq12:0.01961,
seq11:0.00560,seq6:0.01120):0.00280,seq5:0.00560,seq4:0.00840,
seq3:0.00560,(seq16:0.01261,(seq24:0.00420,(seq23:0.00560,seq14:0.00560,
seq10:0.00000,seq7:0.00560,seq2:0.00000):0.00420):0.00280):0.00140,
seq1:0.00840)[0.1250];
(naive:0.00280,(seq20:0.00280,seq15:0.00000):0.00280,((seq18:0.00560,
seq17:0.00840):0.00840,seq9:0.01120):0.00280,(seq22:0.00560,seq21:0.00280,
seq8:0.01401):0.00280,(seq19:0.00840,seq13:0.00280,seq12:0.01961,
seq11:0.00560,seq6:0.01120):0.00280,seq5:0.00560,seq4:0.00840,
seq3:0.00560,(seq24:0.00420,(seq16:0.01261,(seq23:0.00560,seq14:0.00560,
seq10:0.00000,seq7:0.00560,seq2:0.00000):0.00420):0.00280):0.00140,
seq1:0.00840)[0.1250];
(seq20:0.00280,seq15:0.00000,(naive:0.00280,seq16:0.01401,((seq18:0.00560,
seq17:0.00840):0.00840,seq9:0.01120):0.00280,(seq22:0.00560,seq21:0.00280,
seq8:0.01401):0.00280,(seq19:0.00840,seq13:0.00280,seq12:0.01961,
seq11:0.00560,seq6:0.01120):0.00280,seq5:0.00560,seq4:0.00840,
seq3:0.00560,(seq24:0.00280,(seq23:0.00560,seq14:0.00560,seq10:0.00000,
seq7:0.00560,seq2:0.00000):0.00560):0.00280):0.00280,seq1:0.00840)[0.1250];
(seq20:0.00280,seq15:0.00000,(naive:0.00280,seq24:0.00560,((seq18:0.00560,
seq17:0.00840):0.00840,seq9:0.01120):0.00280,(seq22:0.00560,seq21:0.00280,
seq8:0.01401):0.00280,(seq19:0.00840,seq13:0.00280,seq12:0.01961,
seq11:0.00560,seq6:0.01120):0.00280,seq5:0.00560,seq4:0.00840,
seq3:0.00560,(seq16:0.01120,(seq23:0.00560,seq14:0.00560,seq10:0.00000,
seq7:0.00560,seq2:0.00000):0.00560):0.00280):0.00280,seq1:0.00840)[0.1250];
(seq20:0.00280,seq15:0.00000,(naive:0.00280,((seq18:0.00560,seq17:0.00840):0.00840,
seq9:0.01120):0.00280,(seq22:0.00560,seq21:0.00280,seq8:0.01401):0.00280,
(seq19:0.00840,seq13:0.00280,seq12:0.01961,seq11:0.00560,seq6:0.01120):0.00280,
seq5:0.00560,seq4:0.00840,seq3:0.00560,(seq24:0.00420,(seq16:0.01261,
(seq23:0.00560,seq14:0.00560,seq10:0.00000,seq7:0.00560,seq2:0.00000):0.00420):0.00280):0.00140):0.00280,
seq1:0.00840)[0.1250];
((seq20:0.00280,seq15:0.00000):0.00187,(naive:0.00280,seq24:0.00560,
((seq18:0.00560,seq17:0.00840):0.00840,seq9:0.01120):0.00280,
(seq22:0.00560,seq21:0.00280,seq8:0.01401):0.00280,(seq19:0.00840,
seq13:0.00280,seq12:0.01961,seq11:0.00560,seq6:0.01120):0.00280,
seq5:0.00560,seq4:0.00840,seq3:0.00560,(seq16:0.01120,(seq23:0.00560,
seq14:0.00560,seq10:0.00000,seq7:0.00560,seq2:0.00000):0.00560):0.00280):0.00187,
seq1:0.00747)[0.1250];
