((seq10:0.00269,seq7:0.00000):0.00269,(seq11:0.00000,seq9:0.00000,
seq8:0.00806,seq6:0.00000,seq4:0.00000):0.00269,(seq5:0.00000,
seq3:0.00000):0.00269,seq2:0.00269,seq1:0.00000,naive:0.00269)[0.5000];
(seq8:0.00806,(seq10:0.00269,seq7:0.00000):0.00269,(seq11:0.00000,
seq9:0.00000,seq6:0.00000,seq4:0.00000):0.00269,(seq5:0.00000,
seq3:0.00000):0.00269,seq2:0.00269,seq1:0.00000,naive:0.00269)[0.5000];
