(seq5:0.00840,(seq4:0.01401,(seq17:0.01401,seq10:0.05042,(seq18:0.00560,
seq12:0.01401,seq11:0.00280,seq9:0.01120,(seq15:0.00000,(seq13:0.00000,
seq8:0.00280):0.00280):0.00280,(naive:0.00000,seq6:0.00560,(seq19:0.00560,
((seq16:0.00560,seq7:0.01401):0.00280,seq3:0.02241):0.00280):0.00280):0.00280):0.00280,
(seq14:0.00280,seq2:0.00000):0.00280):0.00280):0.01120,seq1:0.01120)[0.2500];
(seq5:0.00840,(seq4:0.01401,(seq10:0.05042,(seq18:0.00560,(seq17:0.01401,
seq12:0.01120):0.00280,seq11:0.00280,seq9:0.01120,(seq15:0.00000,
(seq13:0.00000,seq8:0.00280):0.00280):0.00280,(naive:0.00000,
seq6:0.00560,(seq19:0.00560,((seq16:0.00560,seq7:0.01401):0.00280,
seq3:0.02241):0.00280):0.00280):0.00280):0.00280,(seq14:0.00280,
seq2:0.00000):0.00280):0.00280):0.01120,seq1:0.01120)[0.2500];
(seq5:0.00840,(seq4:0.01401,((seq17:0.01120,seq12:0.01401):0.00280,
seq10:0.05042,(seq18:0.00560,seq11:0.00280,seq9:0.01120,(seq15:0.00000,
(seq13:0.00000,seq8:0.00280):0.00280):0.00280,(naive:0.00000,
seq6:0.00560,(seq19:0.00560,((seq16:0.00560,seq7:0.01401):0.00280,
seq3:0.02241):0.00280):0.00280):0.00280):0.00280,(seq14:0.00280,
seq2:0.00000):0.00280):0.00280):0.01120,seq1:0.01120)[0.2500];
(seq5:0.00840,(seq4:0.01401,(seq17:0.01401,seq10:0.05042,(seq18:0.00560,
seq11:0.00280,(seq12:0.01307,seq9:0.01027):0.00187,(seq15:0.00000,
(seq13:0.00000,seq8:0.00280):0.00280):0.00280,(naive:0.00000,
seq6:0.00560,(seq19:0.00560,((seq16:0.00560,seq7:0.01401):0.00280,
seq3:0.02241):0.00280):0.00280):0.00280):0.00280,(seq14:0.00280,
seq2:0.00000):0.00280):0.00280):0.01120,seq1:0.01120)[0.2500];
