(seq13:0.01102,(naive:0.00275,seq9:0.00826,(seq11:0.00551,seq7:0.00551):0.00826,
seq6:0.00551,(seq14:0.00275,seq4:0.00000):0.00275,seq3:0.01102,
(seq10:0.01377,((seq12:0.00826,seq8:0.00000):0.00275,seq5:0.01102,
seq2:0.00826):0.00551):0.00275):0.00275,seq1:0.00551)[0.2000];
(seq13:0.01102,(seq9:0.00826,(naive:0.00275,(seq11:0.00551,seq7:0.00551):0.00689):0.00138,
seq6:0.00551,(seq14:0.00275,seq4:0.00000):0.00275,seq3:0.01102,
(seq10:0.01377,((seq12:0.00826,seq8:0.00000):0.00275,seq5:0.01102,
seq2:0.00826):0.00551):0.00275):0.00275,seq1:0.00551)[0.2000];
(seq13:0.01102,(naive:0.00275,(seq11:0.00551,seq7:0.00551):0.00826,
seq6:0.00551,(seq14:0.00275,seq9:0.00826,seq4:0.00000):0.00275,
seq3:0.01102,(seq10:0.01377,((seq12:0.00826,seq8:0.00000):0.00275,
seq5:0.01102,seq2:0.00826):0.00551):0.00275):0.00275,seq1:0.00551)[0.2000];
(seq13:0.01102,((naive:0.00275,(seq11:0.00551,seq7:0.00551):0.00689):0.00138,
seq6:0.00551,(seq14:0.00275,seq9:0.00826,seq4:0.00000):0.00275,
seq3:0.01102,(seq10:0.01377,((seq12:0.00826,seq8:0.00000):0.00275,
seq5:0.01102,seq2:0.00826):0.00551):0.00275):0.00275,seq1:0.00551)[0.2000];
(seq13:0.01102,(naive:0.00275,(seq11:0.00551,seq7:0.00551):0.00826,
seq6:0.00551,(seq9:0.00735,(seq14:0.00275,seq4:0.00000):0.00184):0.00184,
seq3:0.01102,(seq10:0.01377,((seq12:0.00826,seq8:0.00000):0.00275,
seq5:0.01102,seq2:0.00826):0.00551):0.00275):0.00275,seq1:0.00551)[0.2000];
