(seq9:0.01366,(seq8:0.00273,(naive:0.00000,seq3:0.01366,((seq11:0.01913,
seq7:0.01093):0.00546,(seq12:0.02732,seq10:0.00820,(seq6:0.00820,
seq5:0.00546):0.01639):0.00546,seq4:0.00820,seq2:0.00000):0.00273):0.00273):0.00273,
seq1:0.01366)[0.2500];
(seq9:0.01366,(seq8:0.00273,(naive:0.00000,seq3:0.01366,((seq11:0.01913,
seq7:0.01093):0.00546,(seq10:0.00729,(seq12:0.02732,(seq6:0.00820,
seq5:0.00546):0.01639):0.00182):0.00455,seq4:0.00820,seq2:0.00000):0.00273):0.00273):0.00273,
seq1:0.01366)[0.2500];
(seq9:0.01366,(seq8:0.00273,(seq3:0.01366,((seq11:0.01913,seq7:0.01093):0.00546,
(seq12:0.02732,seq10:0.00820,(seq6:0.00820,seq5:0.00546):0.01639):0.00546,
naive:0.00000,seq4:0.00820,seq2:0.00000):0.00273):0.00273):0.00273,
seq1:0.01366)[0.2500];
(seq9:0.01366,(seq8:0.00273,(seq3:0.01366,((seq11:0.01913,seq7:0.01093):0.00546,
(seq10:0.00729,(seq12:0.02732,(seq6:0.00820,seq5:0.00546):0.01639):0.00182):0.00455,
naive:0.00000,seq4:0.00820,seq2:0.00000):0.00273):0.00273):0.00273,
seq1:0.01366)[0.2500];
