((seq8:0.00275,seq5:0.00000):0.00275,seq4:0.00000,(seq9:0.00275,
seq7:0.00275,seq6:0.00275,seq3:0.00551,seq2:0.00000):0.00275,
seq1:0.00000,naive:0.00000)[0.5000];
(seq8:0.00275,seq5:0.00000,(seq4:0.00000,(seq9:0.00275,seq7:0.00275,
seq6:0.00275,seq3:0.00551,seq2:0.00000):0.00275,seq1:0.00000):0.00275,
naive:0.00000)[0.5000];
