(seq9:0.01025,seq6:0.00146,seq5:0.01171,seq4:0.00732,seq3:0.01318,
seq2:0.01025,(seq7:0.00586,(seq8:0.00878,seq1:0.01025):0.00146):0.00146,
naive:0.00000)[0.2500];
(seq9:0.00952,(seq6:0.00146,seq5:0.01171,seq4:0.00732,seq3:0.01318,
seq2:0.01025,(seq7:0.00586,(seq8:0.00878,seq1:0.01025):0.00146):0.00146):0.00073,
naive:0.00000)[0.2500];
(seq9:0.01025,(seq8:0.01025,seq7:0.00586):0.00146,seq6:0.00146,
seq5:0.01171,seq4:0.00732,seq3:0.01318,(seq2:0.00878,seq1:0.01025):0.00146,
naive:0.00000)[0.2500];
(seq9:0.00952,((seq8:0.01025,seq7:0.00586):0.00146,seq6:0.00146,
seq5:0.01171,seq4:0.00732,seq3:0.01318,(seq2:0.00878,seq1:0.01025):0.00146):0.00073,
naive:0.00000)[0.2500];
