(seq6:0.00280,seq5:0.00000,seq4:0.01401,seq3:0.00000,(naive:0.00280,
seq9:0.00560,seq7:0.00560,(seq8:0.00000,seq2:0.00000):0.00560):0.00280,
seq1:0.00000)[0.5000];
(seq6:0.00280,seq5:0.00000,seq3:0.00000,(naive:0.00280,seq9:0.00560,
seq7:0.00560,seq4:0.01401,(seq8:0.00000,seq2:0.00000):0.00560):0.00280,
seq1:0.00000)[0.5000];
