((seq8:0.00146,seq6:0.00439):0.01318,seq4:0.00439,(seq7:0.00586,
seq5:0.00439,seq3:0.00586,seq2:0.00146,seq1:0.00000):0.00293,
naive:0.00146);
