(naive:0.00000,seq11:0.00000,seq10:0.00000,seq9:0.00271,seq7:0.00000,
seq5:0.00271,seq4:0.00000,(seq8:0.00000,seq6:0.00000,seq3:0.01355):0.00271,
seq2:0.00813,seq1:0.00000);
