(seq18:0.00000,seq15:0.00840,seq11:0.00280,seq10:0.00280,(seq12:0.00280,
seq7:0.00560):0.00280,(seq16:0.00840,(seq17:0.00000,seq14:0.00000):0.00840,
seq13:0.00840,naive:0.00280,seq6:0.01120):0.00560,seq5:0.00280,
(seq9:0.00560,seq8:0.00560,seq4:0.01120):0.00280,seq3:0.00000,
seq2:0.01120,seq1:0.01401)[0.2000];
(seq18:0.00000,seq15:0.00840,seq11:0.00280,seq10:0.00280,seq9:0.00560,
(seq12:0.00280,seq7:0.00560):0.00280,(seq16:0.00840,(seq17:0.00000,
seq14:0.00000):0.00840,seq13:0.00840,naive:0.00280,seq6:0.01120):0.00560,
seq5:0.00280,(seq8:0.00560,seq4:0.01120):0.00280,seq3:0.00000,
seq2:0.01120,seq1:0.01401)[0.2000];
(seq18:0.00000,seq15:0.00840,seq11:0.00280,seq10:0.00280,(seq12:0.00280,
seq7:0.00560):0.00280,(seq16:0.00840,(seq17:0.00000,seq14:0.00000):0.00840,
seq13:0.00840,naive:0.00280,seq6:0.01120):0.00560,seq5:0.00280,
(seq9:0.00467,(seq8:0.00560,seq4:0.01120):0.00187):0.00187,seq3:0.00000,
seq2:0.01120,seq1:0.01401)[0.2000];
(seq18:0.00000,seq15:0.00840,seq11:0.00280,seq10:0.00280,(seq12:0.00280,
seq7:0.00560):0.00280,seq5:0.00280,(seq9:0.00560,seq8:0.00560,
seq4:0.01120):0.00280,seq3:0.00000,((seq16:0.00840,(seq17:0.00000,
seq14:0.00000):0.00840,seq13:0.00840,naive:0.00280,seq6:0.01120):0.00467,
seq2:0.01027):0.00187,seq1:0.01401)[0.2000];
(seq18:0.00000,seq15:0.00840,seq11:0.00280,seq10:0.00280,seq9:0.00560,
(seq12:0.00280,seq7:0.00560):0.00280,seq5:0.00280,(seq8:0.00560,
seq4:0.01120):0.00280,seq3:0.00000,((seq16:0.00840,(seq17:0.00000,
seq14:0.00000):0.00840,seq13:0.00840,naive:0.00280,seq6:0.01120):0.00467,
seq2:0.01027):0.00187,seq1:0.01401)[0.2000];
