(seq9:0.00546,(naive:0.00000,(seq10:0.00820,seq5:0.01093):0.00273,
(seq16:0.00546,seq4:0.00546):0.00273,(seq11:0.00000,(seq15:0.00273,
(seq8:0.01366,seq6:0.01093):0.00273,(seq17:0.00273,((seq14:0.00546,
seq7:0.00000,seq3:0.00273):0.00273,((seq13:0.00000,seq12:0.00000):0.00273,
seq2:0.00000):0.00820):0.00273):0.00273):0.00273):0.00273):0.00546,
seq1:0.00273)[0.3333];
(seq9:0.00546,((seq10:0.00820,seq5:0.01093):0.00273,(seq16:0.00546,
seq4:0.00546):0.00273,(seq11:0.00000,(naive:0.00000,seq15:0.00273,
(seq8:0.01366,seq6:0.01093):0.00273,(seq17:0.00273,((seq14:0.00546,
seq7:0.00000,seq3:0.00273):0.00273,((seq13:0.00000,seq12:0.00000):0.00273,
seq2:0.00000):0.00820):0.00273):0.00273):0.00273):0.00273):0.00546,
seq1:0.00273)[0.3333];
(seq9:0.00546,((seq10:0.00820,seq5:0.01093):0.00273,(seq16:0.00546,
seq4:0.00546):0.00273,(naive:0.00000,seq11:0.00000,(seq15:0.00273,
(seq8:0.01366,seq6:0.01093):0.00273,(seq17:0.00273,((seq14:0.00546,
seq7:0.00000,seq3:0.00273):0.00273,((seq13:0.00000,seq12:0.00000):0.00273,
seq2:0.00000):0.00820):0.00273):0.00273):0.00273):0.00273):0.00546,
seq1:0.00273)[0.3333];
