(seq12:0.00000,seq11:0.00000,seq10:0.00551,seq9:0.00000,seq8:0.00000,
seq7:0.00000,seq6:0.00000,seq5:0.00000,seq4:0.00275,seq3:0.00000,
seq2:0.00000,seq1:0.00000,naive:0.00000);
