(seq11:0.01093,seq5:0.00820,(seq9:0.01093,(naive:0.00000,seq20:0.00820,
seq19:0.00273,seq18:0.00000,seq17:0.00820,seq16:0.00273,seq14:0.00000,
(seq21:0.00273,seq8:0.01366):0.00273,seq7:0.00000,(seq15:0.00820,
seq13:0.01366,seq6:0.00546):0.00273,(seq12:0.00273,((seq10:0.00000,
seq4:0.00000):0.02186,seq3:0.01913):0.00273):0.00273,seq2:0.00000):0.00273):0.00273,
seq1:0.01639)[0.3333];
(seq11:0.01093,seq5:0.00820,(seq9:0.01093,(naive:0.00000,seq21:0.00546,
seq20:0.00820,seq19:0.00273,seq18:0.00000,seq17:0.00820,seq16:0.00273,
seq14:0.00000,seq7:0.00000,(seq15:0.00820,seq13:0.01366,seq6:0.00546):0.00273,
(seq12:0.00273,((seq10:0.00000,seq4:0.00000):0.02186,(seq8:0.01366,
seq3:0.01639):0.00273):0.00273):0.00273,seq2:0.00000):0.00273):0.00273,
seq1:0.01639)[0.3333];
(seq11:0.01093,seq5:0.00820,(seq9:0.01093,(naive:0.00000,seq21:0.00546,
seq20:0.00820,seq19:0.00273,seq18:0.00000,seq17:0.00820,seq16:0.00273,
seq14:0.00000,seq7:0.00000,(seq15:0.00820,seq13:0.01366,(seq8:0.01366,
seq6:0.00273):0.00273):0.00273,(seq12:0.00273,((seq10:0.00000,
seq4:0.00000):0.02186,seq3:0.01913):0.00273):0.00273,seq2:0.00000):0.00273):0.00273,
seq1:0.01639)[0.3333];
