(seq13:0.00000,seq10:0.00275,seq8:0.00000,seq7:0.00275,seq3:0.00000,
seq2:0.00000,(seq12:0.00551,(seq15:0.00275,seq6:0.00000,(seq14:0.00000,
seq11:0.00000,seq9:0.00000,seq5:0.00000):0.00275):0.00275,seq4:0.01377,
seq1:0.00000):0.00275,naive:0.00275)[0.2000];
(seq13:0.00000,seq10:0.00275,seq8:0.00000,seq7:0.00275,(seq14:0.00000,
seq11:0.00000,seq9:0.00000,seq5:0.00000):0.00275,seq3:0.00000,
seq2:0.00000,(seq12:0.00551,(seq15:0.00275,seq6:0.00000):0.00275,
seq4:0.01377,seq1:0.00000):0.00275,naive:0.00275)[0.2000];
(seq13:0.00000,seq10:0.00275,seq8:0.00000,seq7:0.00275,(seq14:0.00000,
seq11:0.00000,seq9:0.00000,(seq15:0.00275,seq6:0.00000):0.00275,
seq5:0.00000):0.00275,seq3:0.00000,seq2:0.00000,(seq12:0.00551,
seq4:0.01377,seq1:0.00000):0.00275,naive:0.00275)[0.2000];
(seq13:0.00000,seq10:0.00275,seq8:0.00000,seq7:0.00275,seq3:0.00000,
seq2:0.00000,(seq14:0.00000,seq11:0.00000,seq9:0.00000,seq5:0.00000,
(seq15:0.00275,seq6:0.00000,(seq12:0.00551,seq4:0.01377,seq1:0.00000):0.00275):0.00275):0.00275,
naive:0.00275)[0.2000];
(seq13:0.00000,seq10:0.00275,seq8:0.00000,seq7:0.00275,seq3:0.00000,
seq2:0.00000,((seq14:0.00000,seq11:0.00000,seq9:0.00000,seq5:0.00000):0.00138,
((seq15:0.00275,seq6:0.00000):0.00138,(seq12:0.00551,seq4:0.01377,
seq1:0.00000):0.00138):0.00275):0.00138,naive:0.00275)[0.2000];
