(seq4:0.00278,(seq6:0.00278,seq3:0.00000):0.00278,(seq8:0.02222,
seq5:0.00000,seq2:0.01111,(seq7:0.01389,seq1:0.00278):0.00278):0.00278,
naive:0.00000)[0.2500];
(seq4:0.00278,(seq6:0.00278,seq3:0.00000):0.00278,(seq8:0.02222,
seq7:0.01667,seq5:0.00000,(seq2:0.00833,seq1:0.00278):0.00278):0.00278,
naive:0.00000)[0.2500];
(seq4:0.00278,(seq6:0.00278,seq3:0.00000):0.00278,(seq8:0.02222,
seq5:0.00000,(seq2:0.00972,(seq7:0.01528,seq1:0.00139):0.00278):0.00139):0.00278,
naive:0.00000)[0.2500];
(seq4:0.00278,(seq6:0.00278,seq3:0.00000):0.00278,(seq8:0.02222,
seq5:0.00000,(seq7:0.01528,(seq2:0.00972,seq1:0.00139):0.00278):0.00139):0.00278,
naive:0.00000)[0.2500];
