(seq8:0.00546,(seq6:0.00546,seq4:0.01093):0.00546,(naive:0.00000,
seq7:0.01093,seq5:0.00820,(seq3:0.01366,seq2:0.00546):0.00273):0.00820,
seq1:0.00273)[0.5000];
(seq8:0.00546,((seq6:0.00683,seq4:0.00956):0.00546,(naive:0.00000,
seq7:0.01093,seq5:0.00820,(seq3:0.01366,seq2:0.00546):0.00273):0.00683):0.00137,
seq1:0.00273)[0.5000];
