(seq19:0.00000,seq13:0.00000,seq11:0.00000,seq10:0.00000,seq9:0.00000,
seq8:0.00000,(seq18:0.00282,seq17:0.00000,seq15:0.00000,seq14:0.00000,
seq12:0.00000,seq7:0.00282,seq6:0.00000):0.00282,seq5:0.00847,
(seq16:0.00000,seq4:0.00282):0.00282,seq3:0.00000,seq2:0.00000,
seq1:0.00000,naive:0.00000);
