(seq3:0.00806,(seq5:0.01882,(seq10:0.01075,(naive:0.00269,(seq9:0.00000,
seq8:0.00538):0.00269,(seq13:0.01344,seq12:0.00806,seq11:0.00000,
seq7:0.02151,seq6:0.01075,seq4:0.01075):0.00538):0.00269):0.00269,
seq2:0.01344):0.00269,seq1:0.00000)[0.2500];
(seq3:0.00806,(seq5:0.01882,(seq10:0.01075,(naive:0.00269,(seq9:0.00000,
seq8:0.00538):0.00269,(seq13:0.01344,seq11:0.00000,(seq12:0.00717,
seq7:0.02061):0.00179,seq6:0.01075,seq4:0.01075):0.00538):0.00269):0.00269,
seq2:0.01344):0.00269,seq1:0.00000)[0.2500];
(seq3:0.00806,(seq5:0.01882,(seq10:0.01075,(naive:0.00269,(seq9:0.00000,
seq8:0.00538):0.00269,(seq13:0.01344,seq12:0.00806,seq11:0.00000,
seq7:0.02151,seq6:0.01075,seq4:0.01075):0.00538):0.00269,seq2:0.01344):0.00269):0.00269,
seq1:0.00000)[0.2500];
(seq3:0.00806,(seq5:0.01882,(seq10:0.01075,(naive:0.00269,(seq9:0.00000,
seq8:0.00538):0.00269,(seq13:0.01344,seq11:0.00000,(seq12:0.00717,
seq7:0.02061):0.00179,seq6:0.01075,seq4:0.01075):0.00538):0.00269,
seq2:0.01344):0.00269):0.00269,seq1:0.00000)[0.2500];
