(naive:0.00000,seq8:0.01867,(seq3:0.00533,((seq7:0.00533,(seq6:0.00000,
seq5:0.00000):0.00267):0.00800,(seq4:0.00267,seq2:0.00800):0.00800):0.00533):0.00267,
seq1:0.00533);
