(naive:0.00000,(seq12:0.00267,seq3:0.00267):0.01067,(seq11:0.00267,
seq10:0.00000,seq9:0.00533,seq8:0.00000,seq7:0.00267,seq6:0.00000,
seq5:0.00800,seq4:0.00800,seq2:0.00800):0.00800,seq1:0.01600);
