(seq7:0.00840,(seq6:0.00280,seq4:0.01401):0.00280,(seq8:0.01120,
naive:0.00000,(seq5:0.00280,(seq3:0.00560,seq2:0.08683):0.00280):0.00280):0.00280,
seq1:0.00840);
