(naive:0.00000,seq20:0.01389,(seq17:0.00278,seq8:0.00833):0.00278,
(seq14:0.00000,(seq12:0.00278,seq7:0.00000):0.00278):0.00278,
seq5:0.01111,(seq10:0.00556,seq4:0.01111):0.00278,(seq18:0.00556,
(seq19:0.01111,seq6:0.02778,seq3:0.00000):0.00278):0.00278,(seq16:0.00278,
seq15:0.00000,seq13:0.01111,seq9:0.00833,(seq11:0.00278,seq2:0.00556):0.00556):0.01111,
seq1:0.00833)[0.0135];
((naive:0.00000,seq20:0.01250):0.00139,(seq17:0.00278,seq8:0.00833):0.00278,
(seq14:0.00000,(seq12:0.00278,seq7:0.00000):0.00278):0.00278,
seq5:0.01111,(seq10:0.00556,seq4:0.01111):0.00278,(seq18:0.00556,
(seq19:0.01111,seq6:0.02778,seq3:0.00000):0.00278):0.00278,(seq16:0.00278,
seq15:0.00000,seq13:0.01111,seq9:0.00833,(seq11:0.00278,seq2:0.00556):0.00556):0.01111,
seq1:0.00833)[0.0135];
(naive:0.00000,seq20:0.01389,(seq17:0.00278,seq8:0.00833):0.00278,
seq5:0.01111,(seq10:0.00556,(seq14:0.00278,seq12:0.00278,seq7:0.00000):0.00278,
seq4:0.01111):0.00278,(seq18:0.00556,(seq19:0.01111,seq6:0.02778,
seq3:0.00000):0.00278):0.00278,(seq16:0.00278,seq15:0.00000,seq13:0.01111,
seq9:0.00833,(seq11:0.00278,seq2:0.00556):0.00556):0.01111,seq1:0.00833)[0.0135];
((naive:0.00000,seq20:0.01250):0.00139,(seq17:0.00278,seq8:0.00833):0.00278,
seq5:0.01111,(seq10:0.00556,(seq14:0.00278,seq12:0.00278,seq7:0.00000):0.00278,
seq4:0.01111):0.00278,(seq18:0.00556,(seq19:0.01111,seq6:0.02778,
seq3:0.00000):0.00278):0.00278,(seq16:0.00278,seq15:0.00000,seq13:0.01111,
seq9:0.00833,(seq11:0.00278,seq2:0.00556):0.00556):0.01111,seq1:0.00833)[0.0135];
(naive:0.00000,seq20:0.01389,seq14:0.00278,(seq17:0.00278,seq8:0.00833):0.00278,
seq5:0.01111,(seq10:0.00556,(seq12:0.00278,seq7:0.00000):0.00278,
seq4:0.01111):0.00278,(seq18:0.00556,(seq19:0.01111,seq6:0.02778,
seq3:0.00000):0.00278):0.00278,(seq16:0.00278,seq15:0.00000,seq13:0.01111,
seq9:0.00833,(seq11:0.00278,seq2:0.00556):0.00556):0.01111,seq1:0.00833)[0.0135];
((naive:0.00000,seq20:0.01250):0.00139,seq14:0.00278,(seq17:0.00278,
seq8:0.00833):0.00278,seq5:0.01111,(seq10:0.00556,(seq12:0.00278,
seq7:0.00000):0.00278,seq4:0.01111):0.00278,(seq18:0.00556,(seq19:0.01111,
seq6:0.02778,seq3:0.00000):0.00278):0.00278,(seq16:0.00278,seq15:0.00000,
seq13:0.01111,seq9:0.00833,(seq11:0.00278,seq2:0.00556):0.00556):0.01111,
seq1:0.00833)[0.0135];
(naive:0.00000,seq20:0.01389,(seq17:0.00278,seq8:0.00833):0.00278,
seq5:0.01111,(seq10:0.00556,(seq12:0.00278,seq7:0.00000):0.00278,
seq4:0.01111):0.00278,(seq18:0.00556,seq14:0.00278,(seq19:0.01111,
seq6:0.02778,seq3:0.00000):0.00278):0.00278,(seq16:0.00278,seq15:0.00000,
seq13:0.01111,seq9:0.00833,(seq11:0.00278,seq2:0.00556):0.00556):0.01111,
seq1:0.00833)[0.0135];
((naive:0.00000,seq20:0.01250):0.00139,(seq17:0.00278,seq8:0.00833):0.00278,
seq5:0.01111,(seq10:0.00556,(seq12:0.00278,seq7:0.00000):0.00278,
seq4:0.01111):0.00278,(seq18:0.00556,seq14:0.00278,(seq19:0.01111,
seq6:0.02778,seq3:0.00000):0.00278):0.00278,(seq16:0.00278,seq15:0.00000,
seq13:0.01111,seq9:0.00833,(seq11:0.00278,seq2:0.00556):0.00556):0.01111,
seq1:0.00833)[0.0135];
(naive:0.00000,seq20:0.01389,(seq17:0.00278,seq8:0.00833):0.00278,
seq5:0.01111,(seq10:0.00556,(seq12:0.00278,seq7:0.00000):0.00278,
seq4:0.01111):0.00278,(seq14:0.00185,(seq18:0.00556,(seq19:0.01111,
seq6:0.02778,seq3:0.00000):0.00278):0.00185):0.00185,(seq16:0.00278,
seq15:0.00000,seq13:0.01111,seq9:0.00833,(seq11:0.00278,seq2:0.00556):0.00556):0.01111,
seq1:0.00833)[0.0135];
(naive:0.00000,seq20:0.01389,(seq17:0.00278,seq8:0.00833):0.00278,
seq5:0.01111,(seq14:0.00000,(seq12:0.00278,seq7:0.00000,(seq10:0.00556,
seq4:0.01111):0.00278):0.00278):0.00278,(seq18:0.00556,(seq19:0.01111,
seq6:0.02778,seq3:0.00000):0.00278):0.00278,(seq16:0.00278,seq15:0.00000,
seq13:0.01111,seq9:0.00833,(seq11:0.00278,seq2:0.00556):0.00556):0.01111,
seq1:0.00833)[0.0135];
((naive:0.00000,seq20:0.01250):0.00139,(seq17:0.00278,seq8:0.00833):0.00278,
seq5:0.01111,(seq14:0.00000,(seq12:0.00278,seq7:0.00000,(seq10:0.00556,
seq4:0.01111):0.00278):0.00278):0.00278,(seq18:0.00556,(seq19:0.01111,
seq6:0.02778,seq3:0.00000):0.00278):0.00278,(seq16:0.00278,seq15:0.00000,
seq13:0.01111,seq9:0.00833,(seq11:0.00278,seq2:0.00556):0.00556):0.01111,
seq1:0.00833)[0.0135];
(naive:0.00000,seq20:0.01389,(seq17:0.00278,seq8:0.00833):0.00278,
seq5:0.01111,(seq14:0.00139,((seq12:0.00278,seq7:0.00000):0.00139,
(seq10:0.00556,seq4:0.01111):0.00139):0.00278):0.00139,(seq18:0.00556,
(seq19:0.01111,seq6:0.02778,seq3:0.00000):0.00278):0.00278,(seq16:0.00278,
seq15:0.00000,seq13:0.01111,seq9:0.00833,(seq11:0.00278,seq2:0.00556):0.00556):0.01111,
seq1:0.00833)[0.0135];
(naive:0.00000,seq20:0.01389,(seq17:0.00278,seq8:0.00833):0.00278,
seq5:0.01111,((seq14:0.00139,(seq12:0.00278,seq7:0.00000):0.00139):0.00278,
(seq10:0.00556,seq4:0.01111):0.00139):0.00139,(seq18:0.00556,
(seq19:0.01111,seq6:0.02778,seq3:0.00000):0.00278):0.00278,(seq16:0.00278,
seq15:0.00000,seq13:0.01111,seq9:0.00833,(seq11:0.00278,seq2:0.00556):0.00556):0.01111,
seq1:0.00833)[0.0135];
(naive:0.00000,seq20:0.01389,(seq17:0.00278,seq8:0.00833):0.00278,
seq5:0.01111,(seq10:0.00556,seq4:0.01111):0.00278,(seq14:0.00000,
(seq12:0.00278,seq7:0.00000):0.00278,(seq18:0.00556,(seq19:0.01111,
seq6:0.02778,seq3:0.00000):0.00278):0.00278):0.00278,(seq16:0.00278,
seq15:0.00000,seq13:0.01111,seq9:0.00833,(seq11:0.00278,seq2:0.00556):0.00556):0.01111,
seq1:0.00833)[0.0135];
((naive:0.00000,seq20:0.01250):0.00139,(seq17:0.00278,seq8:0.00833):0.00278,
seq5:0.01111,(seq10:0.00556,seq4:0.01111):0.00278,(seq14:0.00000,
(seq12:0.00278,seq7:0.00000):0.00278,(seq18:0.00556,(seq19:0.01111,
seq6:0.02778,seq3:0.00000):0.00278):0.00278):0.00278,(seq16:0.00278,
seq15:0.00000,seq13:0.01111,seq9:0.00833,(seq11:0.00278,seq2:0.00556):0.00556):0.01111,
seq1:0.00833)[0.0135];
(naive:0.00000,seq20:0.01389,(seq17:0.00278,seq8:0.00833):0.00278,
seq5:0.01111,(seq10:0.00556,seq4:0.01111):0.00278,(seq18:0.00556,
(seq14:0.00000,(seq12:0.00278,seq7:0.00000):0.00278):0.00278,
(seq19:0.01111,seq6:0.02778,seq3:0.00000):0.00278):0.00278,(seq16:0.00278,
seq15:0.00000,seq13:0.01111,seq9:0.00833,(seq11:0.00278,seq2:0.00556):0.00556):0.01111,
seq1:0.00833)[0.0135];
((naive:0.00000,seq20:0.01250):0.00139,(seq17:0.00278,seq8:0.00833):0.00278,
seq5:0.01111,(seq10:0.00556,seq4:0.01111):0.00278,(seq18:0.00556,
(seq14:0.00000,(seq12:0.00278,seq7:0.00000):0.00278):0.00278,
(seq19:0.01111,seq6:0.02778,seq3:0.00000):0.00278):0.00278,(seq16:0.00278,
seq15:0.00000,seq13:0.01111,seq9:0.00833,(seq11:0.00278,seq2:0.00556):0.00556):0.01111,
seq1:0.00833)[0.0135];
(naive:0.00000,seq20:0.01389,(seq17:0.00278,seq8:0.00833):0.00278,
seq5:0.01111,(seq10:0.00556,seq4:0.01111):0.00278,((seq14:0.00000,
(seq12:0.00278,seq7:0.00000):0.00278):0.00185,(seq18:0.00556,
(seq19:0.01111,seq6:0.02778,seq3:0.00000):0.00278):0.00185):0.00185,
(seq16:0.00278,seq15:0.00000,seq13:0.01111,seq9:0.00833,(seq11:0.00278,
seq2:0.00556):0.00556):0.01111,seq1:0.00833)[0.0135];
(naive:0.00000,seq20:0.01389,(seq17:0.00278,seq8:0.00833):0.00278,
seq5:0.01111,(seq14:0.00000,(seq12:0.00278,seq7:0.00000,(seq10:0.00556,
seq4:0.01111):0.00278):0.00278,(seq18:0.00556,(seq19:0.01111,
seq6:0.02778,seq3:0.00000):0.00278):0.00278):0.00278,(seq16:0.00278,
seq15:0.00000,seq13:0.01111,seq9:0.00833,(seq11:0.00278,seq2:0.00556):0.00556):0.01111,
seq1:0.00833)[0.0135];
((naive:0.00000,seq20:0.01250):0.00139,(seq17:0.00278,seq8:0.00833):0.00278,
seq5:0.01111,(seq14:0.00000,(seq12:0.00278,seq7:0.00000,(seq10:0.00556,
seq4:0.01111):0.00278):0.00278,(seq18:0.00556,(seq19:0.01111,
seq6:0.02778,seq3:0.00000):0.00278):0.00278):0.00278,(seq16:0.00278,
seq15:0.00000,seq13:0.01111,seq9:0.00833,(seq11:0.00278,seq2:0.00556):0.00556):0.01111,
seq1:0.00833)[0.0135];
(naive:0.00000,seq20:0.01389,(seq17:0.00278,seq8:0.00833):0.00278,
seq5:0.01111,(seq18:0.00556,(seq14:0.00000,(seq12:0.00278,seq7:0.00000,
(seq10:0.00556,seq4:0.01111):0.00278):0.00278):0.00278,(seq19:0.01111,
seq6:0.02778,seq3:0.00000):0.00278):0.00278,(seq16:0.00278,seq15:0.00000,
seq13:0.01111,seq9:0.00833,(seq11:0.00278,seq2:0.00556):0.00556):0.01111,
seq1:0.00833)[0.0135];
((naive:0.00000,seq20:0.01250):0.00139,(seq17:0.00278,seq8:0.00833):0.00278,
seq5:0.01111,(seq18:0.00556,(seq14:0.00000,(seq12:0.00278,seq7:0.00000,
(seq10:0.00556,seq4:0.01111):0.00278):0.00278):0.00278,(seq19:0.01111,
seq6:0.02778,seq3:0.00000):0.00278):0.00278,(seq16:0.00278,seq15:0.00000,
seq13:0.01111,seq9:0.00833,(seq11:0.00278,seq2:0.00556):0.00556):0.01111,
seq1:0.00833)[0.0135];
(naive:0.00000,seq20:0.01389,(seq17:0.00278,seq8:0.00833):0.00278,
seq5:0.01111,((seq14:0.00000,(seq12:0.00278,seq7:0.00000,(seq10:0.00556,
seq4:0.01111):0.00278):0.00278):0.00185,(seq18:0.00556,(seq19:0.01111,
seq6:0.02778,seq3:0.00000):0.00278):0.00185):0.00185,(seq16:0.00278,
seq15:0.00000,seq13:0.01111,seq9:0.00833,(seq11:0.00278,seq2:0.00556):0.00556):0.01111,
seq1:0.00833)[0.0135];
(naive:0.00000,seq20:0.01389,(seq17:0.00278,seq8:0.00833):0.00278,
seq5:0.01111,(seq10:0.00556,seq4:0.01111,(seq12:0.00278,seq7:0.00000,
(seq14:0.00000,(seq18:0.00556,(seq19:0.01111,seq6:0.02778,seq3:0.00000):0.00278):0.00278):0.00278):0.00278):0.00278,
(seq16:0.00278,seq15:0.00000,seq13:0.01111,seq9:0.00833,(seq11:0.00278,
seq2:0.00556):0.00556):0.01111,seq1:0.00833)[0.0135];
(naive:0.00000,seq20:0.01389,(seq17:0.00278,seq8:0.00833):0.00278,
seq5:0.01111,(seq18:0.00556,(seq14:0.00000,(seq12:0.00278,seq7:0.00000,
(seq10:0.00556,seq4:0.01111):0.00278):0.00278):0.00278,(seq19:0.01111,
seq6:0.02778,seq3:0.00000):0.00278,(seq9:0.00556,(seq16:0.00278,
seq15:0.00000,seq13:0.01111,(seq11:0.00278,seq2:0.00556):0.00556):0.00278):0.01111):0.00278,
seq1:0.00833)[0.0135];
(naive:0.00000,seq20:0.01389,(seq17:0.00278,seq8:0.00833):0.00278,
seq5:0.01111,(seq18:0.00556,(seq14:0.00000,(seq12:0.00278,seq7:0.00000,
(seq10:0.00556,seq4:0.01111):0.00278):0.00278):0.00278,(seq6:0.02778,
seq3:0.00000):0.00278,(seq19:0.01111,(seq9:0.00556,(seq16:0.00278,
seq15:0.00000,seq13:0.01111,(seq11:0.00278,seq2:0.00556):0.00556):0.00278):0.00833):0.00278):0.00278,
seq1:0.00833)[0.0135];
(naive:0.00000,seq20:0.01389,(seq17:0.00278,seq8:0.00833):0.00278,
(seq14:0.00000,(seq12:0.00278,seq7:0.00000):0.00278):0.00278,
seq5:0.01111,(seq10:0.00556,seq4:0.01111):0.00278,(seq18:0.00556,
(seq6:0.02778,seq3:0.00000,(seq19:0.00833,(seq9:0.00556,(seq16:0.00278,
seq15:0.00000,seq13:0.01111,(seq11:0.00278,seq2:0.00556):0.00556):0.00278):0.01111):0.00278):0.00278):0.00278,
seq1:0.00833)[0.0135];
(naive:0.00000,seq20:0.01389,(seq17:0.00278,seq8:0.00833):0.00278,
seq5:0.01111,(seq10:0.00556,(seq14:0.00278,seq12:0.00278,seq7:0.00000):0.00278,
seq4:0.01111):0.00278,(seq18:0.00556,(seq6:0.02778,seq3:0.00000,
(seq19:0.00833,(seq9:0.00556,(seq16:0.00278,seq15:0.00000,seq13:0.01111,
(seq11:0.00278,seq2:0.00556):0.00556):0.00278):0.01111):0.00278):0.00278):0.00278,
seq1:0.00833)[0.0135];
(naive:0.00000,seq20:0.01389,seq14:0.00278,(seq17:0.00278,seq8:0.00833):0.00278,
seq5:0.01111,(seq10:0.00556,(seq12:0.00278,seq7:0.00000):0.00278,
seq4:0.01111):0.00278,(seq18:0.00556,(seq6:0.02778,seq3:0.00000,
(seq19:0.00833,(seq9:0.00556,(seq16:0.00278,seq15:0.00000,seq13:0.01111,
(seq11:0.00278,seq2:0.00556):0.00556):0.00278):0.01111):0.00278):0.00278):0.00278,
seq1:0.00833)[0.0135];
(naive:0.00000,seq20:0.01389,(seq17:0.00278,seq8:0.00833):0.00278,
seq5:0.01111,(seq10:0.00556,(seq12:0.00278,seq7:0.00000):0.00278,
seq4:0.01111):0.00278,(seq18:0.00556,seq14:0.00278,(seq6:0.02778,
seq3:0.00000,(seq19:0.00833,(seq9:0.00556,(seq16:0.00278,seq15:0.00000,
seq13:0.01111,(seq11:0.00278,seq2:0.00556):0.00556):0.00278):0.01111):0.00278):0.00278):0.00278,
seq1:0.00833)[0.0135];
(naive:0.00000,seq20:0.01389,(seq17:0.00278,seq8:0.00833):0.00278,
seq5:0.01111,(seq14:0.00000,(seq12:0.00278,seq7:0.00000,(seq10:0.00556,
seq4:0.01111):0.00278):0.00278):0.00278,(seq18:0.00556,(seq6:0.02778,
seq3:0.00000,(seq19:0.00833,(seq9:0.00556,(seq16:0.00278,seq15:0.00000,
seq13:0.01111,(seq11:0.00278,seq2:0.00556):0.00556):0.00278):0.01111):0.00278):0.00278):0.00278,
seq1:0.00833)[0.0135];
(naive:0.00000,seq20:0.01389,(seq17:0.00278,seq8:0.00833):0.00278,
seq5:0.01111,(seq10:0.00556,seq4:0.01111):0.00278,(seq14:0.00000,
(seq12:0.00278,seq7:0.00000):0.00278,(seq18:0.00556,(seq6:0.02778,
seq3:0.00000,(seq19:0.00833,(seq9:0.00556,(seq16:0.00278,seq15:0.00000,
seq13:0.01111,(seq11:0.00278,seq2:0.00556):0.00556):0.00278):0.01111):0.00278):0.00278):0.00278):0.00278,
seq1:0.00833)[0.0135];
(naive:0.00000,seq20:0.01389,(seq17:0.00278,seq8:0.00833):0.00278,
seq5:0.01111,(seq10:0.00556,seq4:0.01111):0.00278,(seq18:0.00556,
(seq14:0.00000,(seq12:0.00278,seq7:0.00000):0.00278):0.00278,
(seq6:0.02778,seq3:0.00000,(seq19:0.00833,(seq9:0.00556,(seq16:0.00278,
seq15:0.00000,seq13:0.01111,(seq11:0.00278,seq2:0.00556):0.00556):0.00278):0.01111):0.00278):0.00278):0.00278,
seq1:0.00833)[0.0135];
(naive:0.00000,seq20:0.01389,(seq17:0.00278,seq8:0.00833):0.00278,
seq5:0.01111,(seq10:0.00556,seq4:0.01111):0.00278,((seq14:0.00000,
(seq12:0.00278,seq7:0.00000):0.00278):0.00185,(seq18:0.00556,
(seq6:0.02778,seq3:0.00000,(seq19:0.00833,(seq9:0.00556,(seq16:0.00278,
seq15:0.00000,seq13:0.01111,(seq11:0.00278,seq2:0.00556):0.00556):0.00278):0.01111):0.00278):0.00278):0.00185):0.00185,
seq1:0.00833)[0.0135];
(naive:0.00000,seq20:0.01389,(seq17:0.00278,seq8:0.00833):0.00278,
seq5:0.01111,(seq10:0.00556,seq4:0.01111):0.00278,(seq18:0.00556,
(seq14:0.00000,(seq12:0.00278,seq7:0.00000):0.00278):0.00278,
(seq19:0.01111,seq6:0.02778,seq3:0.00000):0.00278,(seq9:0.00556,
(seq16:0.00278,seq15:0.00000,seq13:0.01111,(seq11:0.00278,seq2:0.00556):0.00556):0.00278):0.01111):0.00278,
seq1:0.00833)[0.0135];
(naive:0.00000,seq20:0.01389,(seq17:0.00278,seq8:0.00833):0.00278,
seq5:0.01111,(seq10:0.00556,seq4:0.01111):0.00278,(seq18:0.00556,
(seq14:0.00000,(seq12:0.00278,seq7:0.00000):0.00278):0.00278,
(seq6:0.02778,seq3:0.00000):0.00278,(seq19:0.01111,(seq9:0.00556,
(seq16:0.00278,seq15:0.00000,seq13:0.01111,(seq11:0.00278,seq2:0.00556):0.00556):0.00278):0.00833):0.00278):0.00278,
seq1:0.00833)[0.0135];
(naive:0.00000,seq20:0.01389,(seq17:0.00278,seq8:0.00833):0.00278,
(seq14:0.00000,(seq12:0.00278,seq7:0.00000):0.00278):0.00278,
seq5:0.01111,(seq10:0.00556,seq4:0.01111):0.00278,(seq18:0.00556,
(seq19:0.01111,seq6:0.02778,seq3:0.00000):0.00278,(seq9:0.00556,
(seq16:0.00278,seq15:0.00000,seq13:0.01111,(seq11:0.00278,seq2:0.00556):0.00556):0.00278):0.01111):0.00278,
seq1:0.00833)[0.0135];
(naive:0.00000,seq20:0.01389,(seq17:0.00278,seq8:0.00833):0.00278,
(seq14:0.00000,(seq12:0.00278,seq7:0.00000):0.00278):0.00278,
seq5:0.01111,(seq10:0.00556,seq4:0.01111):0.00278,(seq18:0.00556,
(seq6:0.02778,seq3:0.00000):0.00278,(seq19:0.01111,(seq9:0.00556,
(seq16:0.00278,seq15:0.00000,seq13:0.01111,(seq11:0.00278,seq2:0.00556):0.00556):0.00278):0.00833):0.00278):0.00278,
seq1:0.00833)[0.0135];
(naive:0.00000,seq20:0.01389,(seq17:0.00278,seq8:0.00833):0.00278,
(seq14:0.00000,(seq12:0.00278,seq7:0.00000):0.00278):0.00278,
seq5:0.01111,(seq10:0.00556,seq4:0.01111):0.00278,(seq18:0.00556,
((seq19:0.00972,(seq6:0.02778,seq3:0.00000):0.00139):0.00278,
(seq9:0.00556,(seq16:0.00278,seq15:0.00000,seq13:0.01111,(seq11:0.00278,
seq2:0.00556):0.00556):0.00278):0.00972):0.00139):0.00278,seq1:0.00833)[0.0135];
(naive:0.00000,seq20:0.01389,(seq17:0.00278,seq8:0.00833):0.00278,
(seq14:0.00000,(seq12:0.00278,seq7:0.00000):0.00278):0.00278,
seq5:0.01111,(seq10:0.00556,seq4:0.01111):0.00278,(seq18:0.00556,
((seq6:0.02778,seq3:0.00000):0.00139,(seq19:0.00972,(seq9:0.00556,
(seq16:0.00278,seq15:0.00000,seq13:0.01111,(seq11:0.00278,seq2:0.00556):0.00556):0.00278):0.00972):0.00278):0.00139):0.00278,
seq1:0.00833)[0.0135];
(naive:0.00000,seq20:0.01389,(seq17:0.00278,seq8:0.00833):0.00278,
seq5:0.01111,(seq10:0.00556,(seq12:0.00278,seq7:0.00000):0.00278,
seq4:0.01111):0.00278,(seq18:0.00556,seq14:0.00278,(seq19:0.01111,
seq6:0.02778,seq3:0.00000):0.00278,(seq9:0.00556,(seq16:0.00278,
seq15:0.00000,seq13:0.01111,(seq11:0.00278,seq2:0.00556):0.00556):0.00278):0.01111):0.00278,
seq1:0.00833)[0.0135];
(naive:0.00000,seq20:0.01389,(seq17:0.00278,seq8:0.00833):0.00278,
seq5:0.01111,(seq10:0.00556,(seq12:0.00278,seq7:0.00000):0.00278,
seq4:0.01111):0.00278,(seq18:0.00556,seq14:0.00278,(seq6:0.02778,
seq3:0.00000):0.00278,(seq19:0.01111,(seq9:0.00556,(seq16:0.00278,
seq15:0.00000,seq13:0.01111,(seq11:0.00278,seq2:0.00556):0.00556):0.00278):0.00833):0.00278):0.00278,
seq1:0.00833)[0.0135];
(naive:0.00000,seq20:0.01389,(seq17:0.00278,seq8:0.00833):0.00278,
seq5:0.01111,(seq10:0.00556,(seq12:0.00278,seq7:0.00000):0.00278,
seq4:0.01111):0.00278,(seq14:0.00278,(seq18:0.00556,(seq19:0.01111,
seq6:0.02778,seq3:0.00000):0.00278):0.00139,(seq9:0.00694,(seq16:0.00278,
seq15:0.00000,seq13:0.01111,(seq11:0.00278,seq2:0.00556):0.00556):0.00139):0.01111):0.00139,
seq1:0.00833)[0.0135];
(naive:0.00000,seq20:0.01389,(seq17:0.00278,seq8:0.00833):0.00278,
seq5:0.01111,(seq10:0.00556,(seq14:0.00278,seq12:0.00278,seq7:0.00000):0.00278,
seq4:0.01111):0.00278,(seq18:0.00556,(seq19:0.01111,seq6:0.02778,
seq3:0.00000):0.00278,(seq9:0.00556,(seq16:0.00278,seq15:0.00000,
seq13:0.01111,(seq11:0.00278,seq2:0.00556):0.00556):0.00278):0.01111):0.00278,
seq1:0.00833)[0.0135];
(naive:0.00000,seq20:0.01389,(seq17:0.00278,seq8:0.00833):0.00278,
seq5:0.01111,(seq10:0.00556,(seq14:0.00278,seq12:0.00278,seq7:0.00000):0.00278,
seq4:0.01111):0.00278,(seq18:0.00556,(seq6:0.02778,seq3:0.00000):0.00278,
(seq19:0.01111,(seq9:0.00556,(seq16:0.00278,seq15:0.00000,seq13:0.01111,
(seq11:0.00278,seq2:0.00556):0.00556):0.00278):0.00833):0.00278):0.00278,
seq1:0.00833)[0.0135];
(naive:0.00000,seq20:0.01389,(seq17:0.00278,seq8:0.00833):0.00278,
seq5:0.01111,(seq10:0.00556,(seq14:0.00278,seq12:0.00278,seq7:0.00000):0.00278,
seq4:0.01111):0.00278,(seq18:0.00556,((seq6:0.02778,seq3:0.00000):0.00139,
(seq19:0.00972,(seq9:0.00556,(seq16:0.00278,seq15:0.00000,seq13:0.01111,
(seq11:0.00278,seq2:0.00556):0.00556):0.00278):0.00972):0.00278):0.00139):0.00278,
seq1:0.00833)[0.0135];
(naive:0.00000,seq20:0.01389,(seq17:0.00278,seq8:0.00833):0.00278,
seq5:0.01111,(seq10:0.00556,(seq14:0.00278,seq12:0.00278,seq7:0.00000):0.00278,
seq4:0.01111):0.00278,((seq18:0.00556,(seq19:0.01111,seq6:0.02778,
seq3:0.00000):0.00278):0.00139,(seq9:0.00694,(seq16:0.00278,seq15:0.00000,
seq13:0.01111,(seq11:0.00278,seq2:0.00556):0.00556):0.00139):0.01111):0.00139,
seq1:0.00833)[0.0135];
(naive:0.00000,seq20:0.01389,seq14:0.00278,(seq17:0.00278,seq8:0.00833):0.00278,
seq5:0.01111,(seq10:0.00556,(seq12:0.00278,seq7:0.00000):0.00278,
seq4:0.01111):0.00278,(seq18:0.00556,(seq19:0.01111,seq6:0.02778,
seq3:0.00000):0.00278,(seq9:0.00556,(seq16:0.00278,seq15:0.00000,
seq13:0.01111,(seq11:0.00278,seq2:0.00556):0.00556):0.00278):0.01111):0.00278,
seq1:0.00833)[0.0135];
(naive:0.00000,seq20:0.01389,seq14:0.00278,(seq17:0.00278,seq8:0.00833):0.00278,
seq5:0.01111,(seq10:0.00556,(seq12:0.00278,seq7:0.00000):0.00278,
seq4:0.01111):0.00278,(seq18:0.00556,(seq6:0.02778,seq3:0.00000):0.00278,
(seq19:0.01111,(seq9:0.00556,(seq16:0.00278,seq15:0.00000,seq13:0.01111,
(seq11:0.00278,seq2:0.00556):0.00556):0.00278):0.00833):0.00278):0.00278,
seq1:0.00833)[0.0135];
(naive:0.00000,seq20:0.01389,seq14:0.00278,(seq17:0.00278,seq8:0.00833):0.00278,
seq5:0.01111,(seq10:0.00556,(seq12:0.00278,seq7:0.00000):0.00278,
seq4:0.01111):0.00278,(seq18:0.00556,((seq6:0.02778,seq3:0.00000):0.00139,
(seq19:0.00972,(seq9:0.00556,(seq16:0.00278,seq15:0.00000,seq13:0.01111,
(seq11:0.00278,seq2:0.00556):0.00556):0.00278):0.00972):0.00278):0.00139):0.00278,
seq1:0.00833)[0.0135];
(naive:0.00000,seq20:0.01389,seq14:0.00278,(seq17:0.00278,seq8:0.00833):0.00278,
seq5:0.01111,(seq10:0.00556,(seq12:0.00278,seq7:0.00000):0.00278,
seq4:0.01111):0.00278,((seq18:0.00556,(seq19:0.01111,seq6:0.02778,
seq3:0.00000):0.00278):0.00139,(seq9:0.00694,(seq16:0.00278,seq15:0.00000,
seq13:0.01111,(seq11:0.00278,seq2:0.00556):0.00556):0.00139):0.01111):0.00139,
seq1:0.00833)[0.0135];
(naive:0.00000,seq20:0.01389,(seq17:0.00278,seq8:0.00833):0.00278,
seq5:0.01111,(seq10:0.00556,(seq12:0.00278,seq7:0.00000):0.00278,
seq4:0.01111):0.00278,(seq18:0.00556,seq14:0.00278,((seq19:0.00972,
(seq6:0.02778,seq3:0.00000):0.00139):0.00278,(seq9:0.00556,(seq16:0.00278,
seq15:0.00000,seq13:0.01111,(seq11:0.00278,seq2:0.00556):0.00556):0.00278):0.00972):0.00139):0.00278,
seq1:0.00833)[0.0135];
(naive:0.00000,seq20:0.01389,(seq17:0.00278,seq8:0.00833):0.00278,
seq5:0.01111,(seq10:0.00556,(seq12:0.00278,seq7:0.00000):0.00278,
seq4:0.01111):0.00278,(seq18:0.00556,seq14:0.00278,((seq6:0.02778,
seq3:0.00000):0.00139,(seq19:0.00972,(seq9:0.00556,(seq16:0.00278,
seq15:0.00000,seq13:0.01111,(seq11:0.00278,seq2:0.00556):0.00556):0.00278):0.00972):0.00278):0.00139):0.00278,
seq1:0.00833)[0.0135];
(naive:0.00000,seq20:0.01389,(seq17:0.00278,seq8:0.00833):0.00278,
seq5:0.01111,(seq10:0.00556,(seq12:0.00278,seq7:0.00000):0.00278,
seq4:0.01111):0.00278,((seq18:0.00556,seq14:0.00278,(seq19:0.01111,
seq6:0.02778,seq3:0.00000):0.00278):0.00139,(seq9:0.00694,(seq16:0.00278,
seq15:0.00000,seq13:0.01111,(seq11:0.00278,seq2:0.00556):0.00556):0.00139):0.01111):0.00139,
seq1:0.00833)[0.0135];
(naive:0.00000,seq20:0.01389,(seq17:0.00278,seq8:0.00833):0.00278,
seq5:0.01111,(seq14:0.00000,(seq12:0.00278,seq7:0.00000,(seq10:0.00556,
seq4:0.01111):0.00278):0.00278):0.00278,(seq18:0.00556,(seq19:0.01111,
seq6:0.02778,seq3:0.00000):0.00278,(seq9:0.00556,(seq16:0.00278,
seq15:0.00000,seq13:0.01111,(seq11:0.00278,seq2:0.00556):0.00556):0.00278):0.01111):0.00278,
seq1:0.00833)[0.0135];
(naive:0.00000,seq20:0.01389,(seq17:0.00278,seq8:0.00833):0.00278,
seq5:0.01111,(seq14:0.00000,(seq12:0.00278,seq7:0.00000,(seq10:0.00556,
seq4:0.01111):0.00278):0.00278):0.00278,(seq18:0.00556,(seq6:0.02778,
seq3:0.00000):0.00278,(seq19:0.01111,(seq9:0.00556,(seq16:0.00278,
seq15:0.00000,seq13:0.01111,(seq11:0.00278,seq2:0.00556):0.00556):0.00278):0.00833):0.00278):0.00278,
seq1:0.00833)[0.0135];
(naive:0.00000,seq20:0.01389,(seq17:0.00278,seq8:0.00833):0.00278,
seq5:0.01111,(seq14:0.00000,(seq12:0.00278,seq7:0.00000,(seq10:0.00556,
seq4:0.01111):0.00278):0.00278):0.00278,(seq18:0.00556,((seq19:0.00972,
(seq6:0.02778,seq3:0.00000):0.00139):0.00278,(seq9:0.00556,(seq16:0.00278,
seq15:0.00000,seq13:0.01111,(seq11:0.00278,seq2:0.00556):0.00556):0.00278):0.00972):0.00139):0.00278,
seq1:0.00833)[0.0135];
(naive:0.00000,seq20:0.01389,(seq17:0.00278,seq8:0.00833):0.00278,
seq5:0.01111,(seq14:0.00000,(seq12:0.00278,seq7:0.00000,(seq10:0.00556,
seq4:0.01111):0.00278):0.00278):0.00278,(seq18:0.00556,((seq6:0.02778,
seq3:0.00000):0.00139,(seq19:0.00972,(seq9:0.00556,(seq16:0.00278,
seq15:0.00000,seq13:0.01111,(seq11:0.00278,seq2:0.00556):0.00556):0.00278):0.00972):0.00278):0.00139):0.00278,
seq1:0.00833)[0.0135];
(naive:0.00000,seq20:0.01389,(seq17:0.00278,seq8:0.00833):0.00278,
seq5:0.01111,(seq14:0.00000,(seq12:0.00278,seq7:0.00000,(seq10:0.00556,
seq4:0.01111):0.00278):0.00278):0.00278,((seq18:0.00556,(seq19:0.01111,
seq6:0.02778,seq3:0.00000):0.00278):0.00139,(seq9:0.00694,(seq16:0.00278,
seq15:0.00000,seq13:0.01111,(seq11:0.00278,seq2:0.00556):0.00556):0.00139):0.01111):0.00139,
seq1:0.00833)[0.0135];
(naive:0.00000,seq20:0.01389,(seq17:0.00278,seq8:0.00833):0.00278,
seq5:0.01111,(seq10:0.00556,seq4:0.01111):0.00278,(seq14:0.00000,
(seq12:0.00278,seq7:0.00000):0.00278,(seq18:0.00556,(seq19:0.01111,
seq6:0.02778,seq3:0.00000):0.00278,(seq9:0.00556,(seq16:0.00278,
seq15:0.00000,seq13:0.01111,(seq11:0.00278,seq2:0.00556):0.00556):0.00278):0.01111):0.00278):0.00278,
seq1:0.00833)[0.0135];
(naive:0.00000,seq20:0.01389,(seq17:0.00278,seq8:0.00833):0.00278,
seq5:0.01111,(seq10:0.00556,seq4:0.01111):0.00278,(seq14:0.00000,
(seq12:0.00278,seq7:0.00000):0.00278,(seq18:0.00556,(seq6:0.02778,
seq3:0.00000):0.00278,(seq19:0.01111,(seq9:0.00556,(seq16:0.00278,
seq15:0.00000,seq13:0.01111,(seq11:0.00278,seq2:0.00556):0.00556):0.00278):0.00833):0.00278):0.00278):0.00278,
seq1:0.00833)[0.0135];
(naive:0.00000,seq20:0.01389,(seq17:0.00278,seq8:0.00833):0.00278,
seq5:0.01111,(seq10:0.00556,seq4:0.01111):0.00278,(seq14:0.00000,
(seq12:0.00278,seq7:0.00000):0.00278,(seq18:0.00556,((seq19:0.00972,
(seq6:0.02778,seq3:0.00000):0.00139):0.00278,(seq9:0.00556,(seq16:0.00278,
seq15:0.00000,seq13:0.01111,(seq11:0.00278,seq2:0.00556):0.00556):0.00278):0.00972):0.00139):0.00278):0.00278,
seq1:0.00833)[0.0135];
(naive:0.00000,seq20:0.01389,(seq17:0.00278,seq8:0.00833):0.00278,
seq5:0.01111,(seq10:0.00556,seq4:0.01111):0.00278,(seq14:0.00000,
(seq12:0.00278,seq7:0.00000):0.00278,(seq18:0.00556,((seq6:0.02778,
seq3:0.00000):0.00139,(seq19:0.00972,(seq9:0.00556,(seq16:0.00278,
seq15:0.00000,seq13:0.01111,(seq11:0.00278,seq2:0.00556):0.00556):0.00278):0.00972):0.00278):0.00139):0.00278):0.00278,
seq1:0.00833)[0.0135];
(naive:0.00000,seq20:0.01389,(seq17:0.00278,seq8:0.00833):0.00278,
seq5:0.01111,(seq10:0.00556,seq4:0.01111):0.00278,((seq14:0.00000,
(seq12:0.00278,seq7:0.00000):0.00278):0.00185,(seq18:0.00556,
(seq6:0.02778,seq3:0.00000):0.00278,(seq19:0.01111,(seq9:0.00556,
(seq16:0.00278,seq15:0.00000,seq13:0.01111,(seq11:0.00278,seq2:0.00556):0.00556):0.00278):0.00833):0.00278):0.00185):0.00185,
seq1:0.00833)[0.0135];
(naive:0.00000,seq20:0.01389,(seq17:0.00278,seq8:0.00833):0.00278,
seq5:0.01111,(seq10:0.00556,seq4:0.01111):0.00278,(seq18:0.00556,
(seq14:0.00000,(seq12:0.00278,seq7:0.00000):0.00278):0.00278,
((seq19:0.00972,(seq6:0.02778,seq3:0.00000):0.00139):0.00278,
(seq9:0.00556,(seq16:0.00278,seq15:0.00000,seq13:0.01111,(seq11:0.00278,
seq2:0.00556):0.00556):0.00278):0.00972):0.00139):0.00278,seq1:0.00833)[0.0135];
(naive:0.00000,seq20:0.01389,(seq17:0.00278,seq8:0.00833):0.00278,
seq5:0.01111,(seq10:0.00556,seq4:0.01111):0.00278,(seq18:0.00556,
(seq14:0.00000,(seq12:0.00278,seq7:0.00000):0.00278):0.00278,
((seq6:0.02778,seq3:0.00000):0.00139,(seq19:0.00972,(seq9:0.00556,
(seq16:0.00278,seq15:0.00000,seq13:0.01111,(seq11:0.00278,seq2:0.00556):0.00556):0.00278):0.00972):0.00278):0.00139):0.00278,
seq1:0.00833)[0.0135];
(naive:0.00000,seq20:0.01389,(seq17:0.00278,seq8:0.00833):0.00278,
seq5:0.01111,(seq14:0.00000,(seq12:0.00278,seq7:0.00000,(seq10:0.00556,
seq4:0.01111):0.00278):0.00278,(seq18:0.00556,(seq6:0.02778,seq3:0.00000,
(seq19:0.00833,(seq9:0.00556,(seq16:0.00278,seq15:0.00000,seq13:0.01111,
(seq11:0.00278,seq2:0.00556):0.00556):0.00278):0.01111):0.00278):0.00278):0.00278):0.00278,
seq1:0.00833)[0.0135];
(naive:0.00000,seq20:0.01389,(seq17:0.00278,seq8:0.00833):0.00278,
seq5:0.01111,(seq18:0.00556,(seq14:0.00000,(seq12:0.00278,seq7:0.00000,
(seq10:0.00556,seq4:0.01111):0.00278):0.00278):0.00278,(seq6:0.02778,
seq3:0.00000,(seq19:0.00833,(seq9:0.00556,(seq16:0.00278,seq15:0.00000,
seq13:0.01111,(seq11:0.00278,seq2:0.00556):0.00556):0.00278):0.01111):0.00278):0.00278):0.00278,
seq1:0.00833)[0.0135];
(naive:0.00000,seq20:0.01389,(seq17:0.00278,seq8:0.00833):0.00278,
seq5:0.01111,(seq14:0.00000,(seq12:0.00278,seq7:0.00000,(seq10:0.00556,
seq4:0.01111):0.00278):0.00278,(seq18:0.00556,(seq19:0.01111,
seq6:0.02778,seq3:0.00000):0.00278,(seq9:0.00556,(seq16:0.00278,
seq15:0.00000,seq13:0.01111,(seq11:0.00278,seq2:0.00556):0.00556):0.00278):0.01111):0.00278):0.00278,
seq1:0.00833)[0.0135];
(naive:0.00000,seq20:0.01389,(seq17:0.00278,seq8:0.00833):0.00278,
seq5:0.01111,(seq14:0.00000,(seq12:0.00278,seq7:0.00000,(seq10:0.00556,
seq4:0.01111):0.00278):0.00278,(seq18:0.00556,(seq6:0.02778,seq3:0.00000):0.00278,
(seq19:0.01111,(seq9:0.00556,(seq16:0.00278,seq15:0.00000,seq13:0.01111,
(seq11:0.00278,seq2:0.00556):0.00556):0.00278):0.00833):0.00278):0.00278):0.00278,
seq1:0.00833)[0.0135];
(naive:0.00000,seq20:0.01389,(seq17:0.00278,seq8:0.00833):0.00278,
seq5:0.01111,(seq14:0.00000,(seq12:0.00278,seq7:0.00000,(seq10:0.00556,
seq4:0.01111):0.00278):0.00278,(seq18:0.00556,((seq19:0.00972,
(seq6:0.02778,seq3:0.00000):0.00139):0.00278,(seq9:0.00556,(seq16:0.00278,
seq15:0.00000,seq13:0.01111,(seq11:0.00278,seq2:0.00556):0.00556):0.00278):0.00972):0.00139):0.00278):0.00278,
seq1:0.00833)[0.0135];
(naive:0.00000,seq20:0.01389,(seq17:0.00278,seq8:0.00833):0.00278,
seq5:0.01111,(seq14:0.00000,(seq12:0.00278,seq7:0.00000,(seq10:0.00556,
seq4:0.01111):0.00278):0.00278,(seq18:0.00556,((seq6:0.02778,
seq3:0.00000):0.00139,(seq19:0.00972,(seq9:0.00556,(seq16:0.00278,
seq15:0.00000,seq13:0.01111,(seq11:0.00278,seq2:0.00556):0.00556):0.00278):0.00972):0.00278):0.00139):0.00278):0.00278,
seq1:0.00833)[0.0135];
(naive:0.00000,seq20:0.01389,(seq17:0.00278,seq8:0.00833):0.00278,
seq5:0.01111,(seq18:0.00556,(seq14:0.00000,(seq12:0.00278,seq7:0.00000,
(seq10:0.00556,seq4:0.01111):0.00278):0.00278):0.00278,((seq19:0.00972,
(seq6:0.02778,seq3:0.00000):0.00139):0.00278,(seq9:0.00556,(seq16:0.00278,
seq15:0.00000,seq13:0.01111,(seq11:0.00278,seq2:0.00556):0.00556):0.00278):0.00972):0.00139):0.00278,
seq1:0.00833)[0.0135];
(naive:0.00000,seq20:0.01389,(seq17:0.00278,seq8:0.00833):0.00278,
seq5:0.01111,(seq18:0.00556,(seq14:0.00000,(seq12:0.00278,seq7:0.00000,
(seq10:0.00556,seq4:0.01111):0.00278):0.00278):0.00278,((seq6:0.02778,
seq3:0.00000):0.00139,(seq19:0.00972,(seq9:0.00556,(seq16:0.00278,
seq15:0.00000,seq13:0.01111,(seq11:0.00278,seq2:0.00556):0.00556):0.00278):0.00972):0.00278):0.00139):0.00278,
seq1:0.00833)[0.0135];
