(naive:0.00000,seq4:0.00280,(seq12:0.00840,seq10:0.00840,seq9:0.00000,
seq8:0.00280,(seq13:0.00000,seq11:0.00560,seq7:0.00280):0.00560,
seq6:0.00840,seq5:0.00560,seq3:0.00840):0.00280,seq2:0.00560,
seq1:0.00840);
