(seq10:0.00000,seq9:0.00551,seq7:0.03030,seq4:0.01377,(naive:0.00000,
seq8:0.01377,(seq5:0.01837,seq3:0.01010):0.00459,(seq6:0.00826,
seq2:0.00000):0.00275):0.00551,seq1:0.00000);
