(((seq10:0.00000,seq6:0.00820,seq4:0.00000,seq3:0.00000):0.02350,
seq2:0.01530):0.00656,((seq9:0.00000,seq8:0.00000):0.01639,seq7:0.00820,
seq5:0.00000,seq1:0.00000):0.00383,naive:0.00000)[0.5000];
((seq9:0.00000,seq8:0.00000):0.01639,((seq10:0.00000,seq6:0.00820,
seq4:0.00000,seq3:0.00000):0.02368,seq2:0.01548):0.00729,(seq7:0.00820,
seq5:0.00000,seq1:0.00000):0.00273,naive:0.00000)[0.5000];
