(seq10:0.00000,seq6:0.00280,(seq3:0.01961,(naive:0.00000,seq9:0.01961,
seq7:0.00560,(seq8:0.01120,seq5:0.00840):0.00280,(seq4:0.00840,
seq2:0.00840):0.00840):0.00280):0.00280,seq1:0.00000)[0.1667];
(seq10:0.00000,seq6:0.00280,(seq3:0.01961,(naive:0.00000,seq9:0.01961,
(seq8:0.01120,seq5:0.00840):0.00280,(seq7:0.00420,(seq4:0.00980,
seq2:0.00700):0.00840):0.00140):0.00280):0.00280,seq1:0.00000)[0.1667];
(seq10:0.00000,seq6:0.00280,(seq3:0.01961,(naive:0.00000,seq9:0.01961,
seq8:0.01401,seq7:0.00560,(seq5:0.00747,(seq4:0.00840,seq2:0.00840):0.00467):0.00467):0.00280):0.00280,
seq1:0.00000)[0.1667];
(seq10:0.00000,seq6:0.00280,(seq3:0.01961,(naive:0.00000,(seq9:0.01867,
seq8:0.01307):0.00187,seq7:0.00560,(seq5:0.00747,(seq4:0.00840,
seq2:0.00840):0.00467):0.00467):0.00280):0.00280,seq1:0.00000)[0.1667];
(seq10:0.00000,seq6:0.00280,(seq3:0.01961,(naive:0.00000,seq9:0.01961,
seq7:0.00560,((seq8:0.01261,seq5:0.00700):0.00280,(seq4:0.00840,
seq2:0.00840):0.00700):0.00140):0.00280):0.00280,seq1:0.00000)[0.1667];
(seq10:0.00000,seq6:0.00280,(seq3:0.01961,(naive:0.00000,seq9:0.01961,
seq7:0.00560,(seq8:0.01261,(seq5:0.00607,(seq4:0.00840,seq2:0.00840):0.00607):0.00467):0.00140):0.00280):0.00280,
seq1:0.00000)[0.1667];
